2.020000 1.000000 1.000000
10.012000 1.000000 1.000000
12.130000 1.000000 1.000000
14.893000 1.000000 1.000000
16.879000 1.000000 1.000000
19.890000 1.000000 1.000000
22.769000 1.000000 1.000000
24.887000 1.000000 1.000000
26.889000 1.000000 1.000000
29.636000 1.000000 1.000000
32.002000 1.000000 1.000000
42.013000 1.000000 1.000000
44.628000 1.000000 1.000000
46.762000 1.000000 1.000000
49.128000 1.000000 1.000000
51.627000 1.000000 1.000000
54.506000 1.000000 1.000000
57.137000 1.000000 1.000000
65.891000 1.000000 1.000000
70.143000 1.000000 1.000000
73.502000 1.000000 1.000000
77.507000 1.000000 1.000000
82.007000 1.000000 1.000000
84.886000 1.000000 1.000000
88.262000 1.000000 1.000000
90.512000 1.000000 1.000000
92.514000 1.000000 1.000000
95.129000 1.000000 1.000000
97.512000 1.000000 1.000000
99.514000 1.000000 1.000000
116.259000 1.000000 1.000000
118.261000 1.000000 1.000000
121.885000 1.000000 1.000000
124.384000 1.000000 1.000000
126.518000 1.000000 1.000000
129.381000 1.000000 1.000000
133.253000 1.000000 1.000000
135.388000 1.000000 1.000000
146.011000 1.000000 1.000000
148.129000 1.000000 1.000000
150.627000 1.000000 1.000000
153.639000 1.000000 1.000000
160.754000 1.000000 1.000000
165.387000 1.000000 1.000000
169.011000 1.000000 1.000000
171.377000 1.000000 1.000000
174.752000 1.000000 1.000000
179.766000 1.000000 1.000000
183.390000 1.000000 1.000000
186.517000 1.000000 1.000000
188.635000 1.000000 1.000000
197.637000 1.000000 1.000000
199.755000 1.000000 1.000000
202.766000 1.000000 1.000000
205.133000 1.000000 1.000000
209.633000 1.000000 1.000000
212.628000 1.000000 1.000000
216.136000 1.000000 1.000000
221.382000 1.000000 1.000000
226.313000 1.000000 1.000000
228.762000 1.000000 1.000000
231.012000 1.000000 1.000000
233.262000 1.000000 1.000000
236.886000 1.000000 1.000000
239.004000 1.000000 1.000000
242.264000 1.000000 1.000000
249.892000 1.000000 1.000000
254.393000 1.000000 1.000000
259.754000 1.000000 1.000000
262.633000 1.000000 1.000000
265.760000 1.000000 1.000000
274.265000 1.000000 1.000000
276.516000 1.000000 1.000000
278.766000 1.000000 1.000000
280.752000 1.000000 1.000000
283.515000 1.000000 1.000000
286.378000 1.000000 1.000000
294.254000 1.000000 1.000000
296.256000 1.000000 1.000000
305.142000 1.000000 1.000000
307.392000 1.000000 1.000000
310.007000 1.000000 1.000000
312.257000 1.000000 1.000000
314.392000 1.000000 1.000000
317.006000 1.000000 1.000000
324.254000 1.000000 1.000000
327.017000 1.000000 1.000000
333.636000 1.000000 1.000000
335.638000 1.000000 1.000000
338.633000 1.000000 1.000000
340.635000 1.000000 1.000000
349.008000 1.000000 1.000000
352.135000 1.000000 1.000000
354.137000 1.000000 1.000000
357.017000 1.000000 1.000000
