0.000000
0.180000
0.342000
0.984000
1.425000
1.493000
0.805000
0.442000
2.338000
1.617000
2.573000
1.057000
0.799000
0.445000
0.380000
0.490000
0.680000
1.507000
1.289000
0.549000
0.687000
0.554000
0.917000
1.463000
0.728000
1.186000
1.362000
0.863000
1.063000
1.594000
0.683000
0.680000
1.733000
0.664000
1.603000
0.679000
1.150000
1.547000
0.615000
0.603000
1.838000
1.975000
1.438000
1.720000
0.517000
0.760000
0.170000
0.814000
0.836000
0.336000
0.311000
0.476000
0.692000
0.760000
0.398000
0.473000
0.716000
0.196000
0.616000
0.996000
0.869000
0.224000
0.407000
0.321000
0.512000
0.244000
0.167000
0.351000
0.295000
0.595000
0.787000
1.439000
1.399000
2.884000
1.345000
0.711000
0.687000
0.195000
0.369000
0.500000
0.922000
1.981000
1.121000
2.360000
1.976000
0.545000
0.917000
0.541000
1.209000
0.445000
0.317000
0.608000
0.828000
0.165000
0.313000
0.190000
0.472000
1.248000
0.728000
0.285000
0.351000
0.526000
1.168000
0.606000
0.254000
0.190000
0.232000
0.672000
0.433000
0.245000
0.513000
0.689000
0.272000
0.452000
0.369000
0.330000
0.290000
0.404000
0.489000
0.584000
0.450000
0.246000
0.445000
0.253000
0.569000
0.296000
0.662000
0.374000
0.463000
0.575000
0.767000
1.015000
1.199000
0.300000
0.149000
0.494000
0.356000
0.576000
0.762000
0.908000
0.965000
0.623000
0.191000
0.098000
0.576000
0.527000
0.317000
0.468000
0.737000
0.538000
0.682000
0.565000
0.341000
0.201000
0.208000
0.174000
0.309000
0.529000
0.811000
1.049000
0.560000
0.675000
0.356000
0.300000
0.528000
0.682000
0.394000
0.544000
0.386000
0.948000
0.576000
0.418000
0.095000
0.236000
0.205000
0.136000
0.411000
0.965000
0.194000
0.225000
0.462000
0.633000
0.300000
0.463000
