-0.292000
-0.317000
-0.253000
-0.075000
-0.057000
-0.092000
-0.131000
-0.139000
-0.183000
-0.127000
-0.022000
-0.089000
-0.090000
-0.078000
-0.047000
-0.099000
0.033000
0.055000
-0.019000
-0.004000
-0.042000
-0.083000
-0.170000
-0.162000
-0.158000
-0.108000
-0.079000
-0.106000
-0.101000
-0.129000
-0.163000
-0.113000
-0.108000
-0.113000
-0.123000
-0.167000
-0.213000
-0.178000
-0.113000
-0.134000
-0.085000
-0.060000
-0.166000
-0.187000
-0.212000
-0.231000
-0.243000
-0.247000
-0.208000
-0.219000
-0.208000
-0.192000
-0.201000
-0.118000
-0.099000
-0.126000
-0.056000
-0.047000
-0.120000
-0.164000
-0.110000
-0.128000
-0.109000
-0.107000
-0.102000
-0.160000
-0.148000
-0.147000
-0.194000
-0.226000
-0.226000
-0.313000
-0.010000
0.074000
-0.083000
-0.035000
-0.047000
-0.011000
-0.052000
-0.003000
0.115000
0.149000
0.220000
0.143000
0.071000
0.114000
0.101000
0.108000
0.016000
-0.084000
-0.063000
-0.125000
-0.115000
-0.137000
-0.140000
-0.172000
-0.050000
0.094000
-0.021000
0.016000
0.001000
-0.043000
-0.034000
-0.056000
-0.106000
-0.099000
-0.097000
-0.086000
-0.096000
-0.125000
-0.067000
-0.127000
-0.160000
-0.094000
-0.150000
-0.156000
-0.180000
-0.178000
-0.227000
-0.183000
-0.221000
-0.191000
-0.119000
-0.145000
-0.145000
-0.057000
-0.167000
-0.190000
-0.185000
-0.136000
-0.135000
-0.165000
-0.123000
-0.135000
-0.128000
-0.166000
-0.128000
-0.137000
-0.150000
-0.137000
-0.131000
-0.205000
-0.205000
-0.194000
-0.160000
-0.147000
-0.127000
-0.035000
-0.014000
-0.098000
-0.146000
-0.135000
-0.126000
-0.090000
-0.052000
-0.089000
-0.104000
-0.088000
-0.091000
-0.034000
-0.077000
-0.095000
-0.094000
-0.050000
-0.043000
-0.165000
-0.197000
-0.031000
-0.045000
-0.093000
-0.081000
-0.077000
-0.065000
-0.063000
-0.067000
-0.022000
-0.018000
-0.017000
-0.027000
-0.021000
-0.029000
-0.068000
-0.074000
-0.082000
