0.023000
0.014000
0.093000
-0.007000
0.047000
0.367000
0.200000
0.360000
0.167000
-0.060000
0.366000
0.403000
0.178000
0.252000
0.281000
0.269000
0.271000
0.690000
0.243000
0.201000
0.006000
0.111000
-0.065000
0.437000
0.110000
0.512000
0.738000
0.498000
0.812000
0.270000
0.423000
0.585000
-0.314000
-0.099000
0.229000
0.114000
-0.073000
0.480000
0.308000
0.413000
0.441000
0.306000
0.953000
0.290000
0.489000
0.721000
0.634000
0.379000
0.674000
0.537000
0.496000
0.621000
0.459000
0.660000
0.625000
0.503000
0.392000
0.455000
0.515000
0.206000
0.514000
0.400000
0.519000
0.474000
0.302000
0.384000
0.335000
0.456000
0.421000
0.554000
0.274000
0.568000
0.544000
-0.062000
0.333000
0.475000
0.241000
0.343000
0.437000
0.364000
0.293000
-0.276000
-0.115000
-0.792000
-0.203000
-0.374000
-0.046000
-0.257000
0.088000
-0.021000
-0.068000
-0.192000
0.137000
0.081000
-0.037000
0.041000
-0.075000
0.382000
0.283000
0.208000
0.326000
0.195000
0.358000
0.553000
0.415000
0.469000
0.527000
0.429000
0.402000
0.441000
0.484000
0.345000
0.300000
0.405000
0.312000
0.222000
0.314000
0.367000
0.232000
0.399000
0.244000
0.304000
0.426000
0.350000
0.198000
0.181000
0.319000
0.378000
0.253000
0.353000
0.471000
0.144000
0.539000
0.409000
0.479000
0.304000
0.414000
0.282000
0.527000
0.194000
0.530000
0.330000
0.433000
0.429000
0.606000
0.392000
0.522000
0.589000
0.463000
0.527000
0.303000
0.521000
0.417000
0.477000
0.532000
0.448000
0.360000
0.580000
0.231000
0.650000
0.414000
0.305000
0.448000
0.475000
0.317000
0.470000
0.518000
0.495000
0.542000
0.285000
0.506000
0.377000
0.391000
0.455000
0.425000
0.446000
0.437000
0.359000
0.424000
0.479000
0.624000
0.377000
0.502000
0.377000
