0.001000
-0.015000
0.038000
-0.017000
-0.209000
0.518000
0.223000
0.371000
-0.384000
-0.582000
0.567000
0.438000
0.323000
0.244000
0.332000
0.194000
0.448000
1.001000
0.534000
0.276000
0.068000
0.304000
-0.102000
0.589000
0.330000
0.827000
1.443000
1.329000
1.562000
1.404000
1.159000
1.226000
0.514000
0.784000
1.326000
1.160000
0.904000
1.285000
1.125000
0.982000
2.065000
1.409000
1.683000
1.191000
1.259000
1.551000
1.531000
1.271000
1.620000
1.505000
1.349000
1.496000
1.242000
1.347000
1.234000
1.401000
1.006000
1.019000
1.220000
1.032000
1.274000
1.261000
1.376000
1.352000
1.294000
1.338000
1.305000
1.516000
1.482000
1.554000
1.396000
1.356000
1.611000
1.061000
1.410000
1.415000
1.286000
1.245000
1.375000
1.170000
1.354000
1.100000
0.703000
0.730000
1.075000
0.906000
1.145000
1.043000
1.432000
1.426000
1.265000
1.052000
1.314000
1.360000
1.259000
1.293000
1.265000
1.800000
1.589000
1.590000
1.649000
1.537000
1.209000
1.331000
1.314000
1.381000
1.438000
1.595000
1.406000
1.445000
1.396000
1.464000
1.399000
1.464000
1.414000
1.301000
1.336000
1.404000
1.313000
1.411000
1.256000
1.322000
1.482000
1.425000
1.221000
1.147000
1.182000
1.280000
1.223000
1.144000
1.539000
1.184000
1.506000
1.441000
1.453000
1.285000
1.328000
1.170000
1.417000
1.088000
1.288000
1.130000
1.172000
1.199000
1.425000
1.215000
1.262000
1.473000
1.106000
1.258000
0.956000
1.109000
1.022000
1.067000
1.105000
1.079000
0.941000
1.196000
0.852000
1.312000
1.101000
0.932000
0.980000
1.047000
0.841000
1.157000
1.275000
1.039000
1.173000
0.848000
0.998000
0.839000
0.839000
0.909000
0.891000
0.899000
0.839000
0.497000
0.538000
0.605000
0.785000
0.615000
0.632000
0.547000
