36.387000 1.000000 1.000000
39.631000 1.000000 1.000000
59.636000 1.000000 1.000000
62.763000 1.000000 1.000000
102.509000 1.000000 1.000000
106.381000 1.000000 1.000000
111.130000 1.000000 1.000000
114.009000 1.000000 1.000000
158.503000 1.000000 1.000000
193.384000 1.000000 1.000000
219.264000 1.000000 1.000000
224.261000 1.000000 1.000000
244.266000 1.000000 1.000000
268.259000 1.000000 1.000000
298.391000 1.000000 1.000000
300.889000 1.000000 1.000000
319.885000 1.000000 1.000000
343.514000 1.000000 1.000000
345.880000 1.000000 1.000000
