0.000000
0.923000
0.754000
1.216000
1.885000
2.018000
1.232000
0.816000
1.822000
3.245000
3.177000
1.560000
0.981000
0.808000
0.744000
0.747000
1.278000
1.694000
1.126000
1.311000
1.227000
1.315000
1.456000
1.501000
1.165000
2.151000
2.056000
1.398000
0.971000
1.709000
1.999000
1.379000
1.828000
1.639000
1.752000
1.542000
1.505000
1.277000
1.675000
2.065000
3.002000
4.410000
4.035000
1.658000
1.210000
1.100000
0.670000
0.932000
1.088000
1.144000
1.161000
0.855000
1.110000
1.421000
1.192000
1.097000
1.169000
1.209000
1.352000
1.362000
1.044000
0.729000
0.770000
0.842000
1.215000
1.037000
0.849000
0.888000
0.807000
0.881000
0.923000
1.703000
2.624000
3.302000
2.158000
0.977000
0.785000
0.891000
0.968000
0.983000
1.512000
3.272000
4.412000
3.458000
2.007000
1.148000
1.085000
0.932000
1.204000
1.089000
0.784000
0.882000
0.830000
0.915000
0.706000
0.590000
1.545000
2.373000
1.481000
0.765000
0.690000
0.903000
1.412000
1.257000
0.769000
0.680000
0.831000
0.943000
0.981000
0.719000
0.776000
1.046000
1.000000
0.804000
0.804000
0.905000
0.704000
0.825000
0.761000
0.725000
0.735000
0.618000
0.883000
1.049000
1.048000
0.970000
1.012000
0.691000
0.797000
1.065000
1.559000
1.443000
1.006000
0.743000
0.788000
0.830000
0.769000
0.930000
0.947000
1.117000
1.075000
0.873000
0.594000
0.609000
0.715000
0.857000
1.005000
1.428000
1.373000
0.872000
0.864000
0.731000
0.756000
0.706000
0.628000
0.655000
0.640000
0.768000
0.858000
1.156000
1.152000
1.241000
0.843000
0.617000
0.711000
1.042000
1.969000
1.909000
1.073000
1.057000
0.727000
0.779000
0.658000
0.634000
0.661000
0.861000
1.022000
1.287000
0.874000
0.676000
0.912000
0.801000
0.614000
0.676000
