0.000000
38.102000
31.149000
50.199000
77.832000
83.325000
50.896000
33.688000
75.223000
134.026000
131.196000
64.412000
40.515000
33.353000
30.720000
30.851000
52.763000
69.941000
46.483000
54.132000
50.666000
54.316000
60.147000
61.993000
48.093000
88.842000
84.912000
57.717000
40.097000
70.555000
82.569000
56.942000
75.474000
67.704000
72.330000
63.672000
62.134000
52.729000
69.170000
85.259000
123.956000
182.099000
166.628000
68.479000
49.980000
45.407000
27.689000
38.476000
44.928000
47.248000
47.933000
35.311000
45.825000
58.670000
49.228000
45.320000
48.263000
49.925000
55.815000
56.237000
43.107000
30.089000
31.791000
34.790000
50.172000
42.830000
35.064000
36.651000
33.325000
36.398000
38.130000
70.338000
108.361000
136.344000
89.103000
40.354000
32.437000
36.812000
39.990000
40.578000
62.424000
135.122000
182.185000
142.798000
82.893000
47.388000
44.810000
38.472000
49.736000
44.968000
32.371000
36.415000
34.293000
37.769000
29.172000
24.380000
63.822000
97.995000
61.164000
31.572000
28.495000
37.291000
58.299000
51.891000
31.761000
28.082000
34.309000
38.937000
40.502000
29.691000
32.029000
43.211000
41.306000
33.218000
33.204000
37.362000
29.081000
34.055000
31.442000
29.959000
30.359000
25.533000
36.446000
43.308000
43.277000
40.056000
41.801000
28.519000
32.896000
43.995000
64.365000
59.581000
41.554000
30.670000
32.545000
34.256000
31.766000
38.405000
39.087000
46.131000
44.395000
36.032000
24.549000
25.170000
29.521000
35.391000
41.503000
58.969000
56.687000
35.991000
35.660000
30.181000
31.217000
29.146000
25.937000
27.063000
26.429000
31.729000
35.438000
47.740000
47.573000
51.249000
34.793000
25.478000
29.346000
43.045000
81.295000
78.831000
44.308000
43.667000
30.010000
32.160000
27.173000
26.173000
27.305000
35.554000
42.187000
53.133000
36.097000
27.935000
37.643000
33.076000
25.348000
27.908000
