0.000000
0.829000
0.728000
1.139000
1.629000
1.858000
1.246000
0.774000
1.583000
2.776000
2.828000
1.343000
0.856000
0.753000
0.704000
0.729000
1.045000
1.381000
1.016000
1.096000
1.171000
1.187000
1.250000
1.319000
0.961000
1.732000
1.749000
1.251000
0.882000
1.393000
1.582000
1.165000
1.551000
1.424000
1.584000
1.382000
1.166000
1.051000
1.361000
1.616000
2.393000
3.784000
3.985000
1.445000
0.988000
0.938000
0.691000
0.816000
0.922000
0.999000
0.961000
0.782000
1.011000
1.253000
1.036000
0.962000
1.006000
1.027000
1.096000
1.066000
0.868000
0.684000
0.695000
0.734000
0.966000
0.889000
0.779000
0.790000
0.752000
0.764000
0.778000
1.420000
2.329000
2.853000
1.879000
0.869000
0.721000
0.791000
0.820000
0.857000
1.268000
3.018000
4.013000
3.098000
1.789000
1.050000
1.055000
0.849000
1.074000
0.999000
0.711000
0.820000
0.807000
0.815000
0.728000
0.616000
1.337000
2.196000
1.484000
0.748000
0.688000
0.853000
1.348000
1.240000
0.703000
0.635000
0.712000
0.841000
0.865000
0.672000
0.722000
0.904000
0.841000
0.710000
0.771000
0.818000
0.695000
0.756000
0.726000
0.688000
0.697000
0.643000
0.808000
0.916000
0.923000
0.827000
0.876000
0.674000
0.717000
0.877000
1.250000
1.224000
0.891000
0.696000
0.693000
0.733000
0.710000
0.797000
0.808000
0.961000
0.921000
0.764000
0.619000
0.612000
0.668000
0.760000
0.838000
1.211000
1.203000
0.800000
0.751000
0.695000
0.707000
0.676000
0.625000
0.651000
0.613000
0.701000
0.785000
0.980000
0.976000
0.941000
0.748000
0.625000
0.687000
0.892000
1.722000
1.813000
0.916000
0.868000
0.698000
0.737000
0.648000
0.639000
0.671000
0.773000
0.897000
1.121000
0.841000
0.649000
0.785000
0.744000
0.625000
0.673000
