2.005000 1.000000 1.000000
4.768000 1.000000 1.000000
9.765000 1.000000 1.000000
12.380000 1.000000 1.000000
18.138000 1.000000 1.000000
21.381000 1.000000 1.000000
23.764000 1.000000 1.000000
26.643000 1.000000 1.000000
29.009000 1.000000 1.000000
36.009000 1.000000 1.000000
38.756000 1.000000 1.000000
41.635000 1.000000 1.000000
43.753000 1.000000 1.000000
46.764000 1.000000 1.000000
53.879000 1.000000 1.000000
59.886000 1.000000 1.000000
65.627000 1.000000 1.000000
68.010000 1.000000 1.000000
70.013000 1.000000 1.000000
72.131000 1.000000 1.000000
74.762000 1.000000 1.000000
77.889000 1.000000 1.000000
81.132000 1.000000 1.000000
93.261000 1.000000 1.000000
95.379000 1.000000 1.000000
97.513000 1.000000 1.000000
104.265000 1.000000 1.000000
106.267000 1.000000 1.000000
109.642000 1.000000 1.000000
113.018000 1.000000 1.000000
115.880000 1.000000 1.000000
119.140000 1.000000 1.000000
122.516000 1.000000 1.000000
126.636000 1.000000 1.000000
134.132000 1.000000 1.000000
144.887000 1.000000 1.000000
147.253000 1.000000 1.000000
150.513000 1.000000 1.000000
152.515000 1.000000 1.000000
155.262000 1.000000 1.000000
157.513000 1.000000 1.000000
160.259000 1.000000 1.000000
165.257000 1.000000 1.000000
168.136000 1.000000 1.000000
170.386000 1.000000 1.000000
178.759000 1.000000 1.000000
182.515000 1.000000 1.000000
184.881000 1.000000 1.000000
189.266000 1.000000 1.000000
194.511000 1.000000 1.000000
199.012000 1.000000 1.000000
201.263000 1.000000 1.000000
203.629000 1.000000 1.000000
209.817000 1.000000 1.000000
212.514000 1.000000 1.000000
215.261000 1.000000 1.000000
217.760000 1.000000 1.000000
220.506000 1.000000 1.000000
225.884000 1.000000 1.000000
234.141000 1.000000 1.000000
238.377000 1.000000 1.000000
240.892000 1.000000 1.000000
243.143000 1.000000 1.000000
245.393000 1.000000 1.000000
247.511000 1.000000 1.000000
249.762000 1.000000 1.000000
252.128000 1.000000 1.000000
254.130000 1.000000 1.000000
257.754000 1.000000 1.000000
263.016000 1.000000 1.000000
265.762000 1.000000 1.000000
270.015000 1.000000 1.000000
272.762000 1.000000 1.000000
275.392000 1.000000 1.000000
277.891000 1.000000 1.000000
280.257000 1.000000 1.000000
283.136000 1.000000 1.000000
294.504000 1.000000 1.000000
296.639000 1.000000 1.000000
299.385000 1.000000 1.000000
301.768000 1.000000 1.000000
304.879000 1.000000 1.000000
306.881000 1.000000 1.000000
308.884000 1.000000 1.000000
311.018000 1.000000 1.000000
313.136000 1.000000 1.000000
317.008000 1.000000 1.000000
319.755000 1.000000 1.000000
325.314000 1.000000 1.000000
335.888000 1.000000 1.000000
338.386000 1.000000 1.000000
343.003000 1.000000 1.000000
347.504000 1.000000 1.000000
349.638000 1.000000 1.000000
352.253000 1.000000 1.000000
