0.000000
0.033000
0.118000
0.088000
0.169000
0.250000
0.122000
0.114000
0.166000
0.174000
0.129000
0.127000
0.094000
0.079000
0.058000
0.073000
0.077000
0.067000
0.050000
0.094000
0.092000
0.109000
0.058000
0.073000
0.107000
0.084000
0.041000
0.057000
0.058000
0.099000
0.068000
0.071000
0.202000
0.128000
0.059000
0.057000
0.064000
0.051000
0.045000
0.129000
0.127000
0.089000
0.094000
0.149000
0.164000
0.282000
0.359000
0.161000
0.597000
0.347000
0.120000
0.198000
0.196000
0.108000
0.050000
0.101000
0.053000
0.045000
0.090000
0.069000
0.084000
0.134000
0.403000
0.103000
0.147000
0.249000
0.212000
0.215000
0.709000
0.141000
0.461000
0.220000
0.082000
0.116000
0.140000
0.048000
0.238000
0.469000
0.156000
0.245000
0.131000
0.091000
0.101000
0.073000
0.046000
0.221000
0.370000
0.276000
0.066000
0.089000
0.147000
0.088000
0.030000
0.062000
0.068000
0.042000
0.154000
0.047000
0.071000
0.173000
0.121000
0.058000
0.128000
0.056000
0.071000
0.100000
0.077000
0.063000
0.162000
0.141000
0.108000
0.080000
0.152000
0.211000
0.487000
0.230000
0.218000
0.097000
0.058000
0.171000
0.162000
0.091000
0.052000
0.072000
0.063000
0.081000
0.088000
0.054000
0.077000
0.176000
0.132000
0.271000
0.111000
0.057000
0.087000
0.157000
0.123000
0.391000
0.184000
0.077000
0.087000
0.108000
0.104000
0.215000
0.158000
0.392000
0.228000
0.365000
0.453000
0.277000
0.210000
0.098000
0.057000
0.125000
0.154000
0.172000
0.100000
0.107000
0.104000
0.080000
0.057000
0.054000
0.080000
0.063000
0.032000
0.223000
0.192000
0.049000
0.110000
0.124000
0.078000
0.217000
0.119000
0.149000
0.213000
0.308000
0.389000
0.055000
0.090000
0.143000
0.246000
0.184000
0.253000
0.261000
