0.048000
0.062000
0.072000
0.090000
0.033000
0.067000
0.061000
0.074000
0.048000
0.018000
0.041000
0.010000
0.018000
0.038000
0.039000
0.021000
0.022000
0.018000
0.017000
0.000000
-0.007000
0.021000
0.012000
0.027000
0.011000
0.011000
0.027000
0.010000
-0.001000
0.005000
0.018000
-0.004000
-0.024000
0.004000
0.023000
0.023000
0.031000
0.007000
0.007000
-0.009000
0.011000
0.032000
0.026000
0.026000
0.007000
0.026000
-0.043000
-0.038000
-0.004000
-0.018000
-0.017000
-0.056000
-0.024000
-0.020000
-0.015000
-0.014000
-0.012000
-0.010000
-0.031000
-0.019000
-0.010000
0.005000
-0.010000
-0.006000
-0.010000
-0.040000
-0.028000
-0.033000
-0.017000
-0.031000
-0.058000
-0.022000
-0.013000
-0.012000
-0.012000
-0.017000
0.026000
0.010000
-0.025000
0.003000
0.034000
0.037000
0.060000
0.041000
0.041000
0.041000
0.076000
0.063000
0.067000
0.084000
0.085000
0.081000
0.071000
0.079000
0.083000
0.077000
0.083000
0.083000
0.083000
0.087000
0.088000
0.099000
0.083000
0.092000
0.071000
0.070000
0.070000
0.076000
0.070000
0.072000
0.083000
0.093000
0.093000
0.093000
0.077000
0.058000
0.096000
0.084000
0.089000
0.041000
0.067000
0.075000
0.073000
0.081000
0.085000
0.082000
0.096000
0.104000
0.102000
0.128000
0.126000
0.076000
0.087000
0.106000
0.107000
0.099000
0.131000
0.141000
0.196000
0.176000
0.177000
0.185000
0.185000
0.141000
0.145000
0.130000
0.104000
0.167000
0.167000
0.217000
0.216000
0.216000
0.216000
0.184000
0.192000
0.217000
0.206000
0.217000
0.217000
0.213000
0.222000
0.249000
0.208000
0.198000
0.198000
0.198000
0.189000
0.180000
0.201000
0.209000
0.209000
0.187000
0.216000
0.234000
0.230000
0.230000
0.247000
0.247000
0.259000
0.228000
0.270000
0.300000
0.310000
0.258000
