-0.072000
-0.072000
-0.050000
-0.047000
-0.034000
0.018000
-0.015000
0.021000
-0.014000
0.031000
0.005000
-0.012000
0.007000
0.015000
0.004000
-0.026000
0.001000
-0.002000
0.015000
0.044000
0.012000
-0.014000
-0.005000
0.004000
-0.021000
0.005000
0.016000
0.025000
0.011000
-0.004000
-0.000000
-0.011000
0.015000
0.025000
0.021000
0.009000
0.025000
0.010000
0.033000
-0.008000
0.011000
0.029000
0.011000
0.065000
0.127000
0.002000
-0.033000
0.042000
-0.119000
-0.025000
-0.050000
-0.077000
-0.035000
-0.047000
-0.030000
-0.059000
-0.051000
-0.072000
-0.053000
-0.042000
-0.055000
-0.028000
-0.144000
-0.130000
-0.104000
-0.152000
-0.099000
-0.158000
0.006000
0.002000
-0.071000
-0.033000
-0.026000
-0.050000
-0.086000
-0.074000
-0.009000
-0.151000
-0.204000
-0.130000
-0.130000
-0.091000
-0.108000
-0.113000
-0.118000
-0.145000
-0.216000
-0.195000
-0.204000
-0.187000
-0.216000
-0.212000
-0.215000
-0.211000
-0.195000
-0.181000
-0.234000
-0.234000
-0.223000
-0.272000
-0.235000
-0.215000
-0.260000
-0.247000
-0.259000
-0.219000
-0.243000
-0.230000
-0.275000
-0.231000
-0.284000
-0.251000
-0.302000
-0.245000
-0.395000
-0.341000
-0.279000
-0.279000
-0.267000
-0.311000
-0.283000
-0.302000
-0.300000
-0.287000
-0.260000
-0.285000
-0.292000
-0.296000
-0.270000
-0.230000
-0.236000
-0.216000
-0.199000
-0.199000
-0.216000
-0.207000
-0.220000
-0.140000
-0.158000
-0.183000
-0.183000
-0.150000
-0.192000
-0.184000
-0.240000
-0.368000
-0.301000
-0.221000
-0.363000
-0.335000
-0.302000
-0.316000
-0.302000
-0.318000
-0.272000
-0.261000
-0.290000
-0.317000
-0.277000
-0.267000
-0.284000
-0.286000
-0.297000
-0.278000
-0.278000
-0.358000
-0.304000
-0.296000
-0.296000
-0.317000
-0.311000
-0.377000
-0.345000
-0.329000
-0.394000
-0.484000
-0.376000
-0.373000
-0.356000
-0.370000
-0.332000
-0.310000
-0.287000
-0.251000
