15.755000 1.000000 1.000000
31.127000 1.000000 1.000000
33.643000 1.000000 1.000000
83.267000 1.000000 1.000000
86.642000 1.000000 1.000000
100.509000 1.000000 1.000000
131.517000 1.000000 1.000000
142.141000 1.000000 1.000000
176.012000 1.000000 1.000000
205.631000 1.000000 1.000000
207.765000 1.000000 1.000000
230.517000 1.000000 1.000000
236.259000 1.000000 1.000000
287.753000 1.000000 1.000000
292.006000 1.000000 1.000000
323.263000 1.000000 1.000000
328.012000 1.000000 1.000000
332.016000 1.000000 1.000000
