0.000000
0.926000
0.967000
0.969000
1.174000
1.153000
1.010000
0.899000
0.965000
1.034000
1.020000
1.017000
0.994000
0.926000
0.948000
0.848000
0.909000
0.919000
0.934000
0.861000
0.843000
0.870000
0.882000
0.879000
0.850000
0.835000
0.912000
1.004000
0.971000
0.930000
0.926000
0.880000
1.163000
1.256000
1.006000
0.884000
0.945000
0.867000
0.864000
0.861000
0.851000
0.964000
0.940000
0.918000
1.042000
1.019000
1.378000
1.510000
1.637000
1.358000
1.067000
0.943000
0.928000
0.966000
1.033000
0.961000
0.952000
0.982000
0.949000
0.952000
0.905000
0.906000
1.518000
1.611000
1.351000
1.096000
1.089000
0.991000
1.949000
2.268000
1.579000
1.105000
0.916000
0.929000
0.914000
0.859000
0.996000
1.354000
1.477000
1.198000
0.964000
0.922000
1.001000
0.957000
0.888000
1.248000
1.545000
1.091000
0.934000
0.881000
0.890000
0.887000
0.897000
0.875000
0.902000
0.896000
0.920000
0.872000
0.862000
1.041000
1.136000
1.024000
0.908000
0.893000
0.809000
0.865000
0.850000
0.903000
0.937000
0.913000
0.905000
0.878000
0.863000
0.873000
1.391000
1.552000
1.172000
1.082000
0.861000
0.815000
0.906000
1.021000
1.044000
0.975000
1.054000
0.990000
1.006000
0.902000
0.835000
0.969000
1.110000
1.105000
0.881000
0.885000
0.988000
1.018000
0.896000
1.361000
1.100000
0.923000
1.015000
0.956000
0.882000
0.978000
0.948000
1.419000
1.529000
1.028000
1.650000
1.885000
1.476000
1.036000
0.974000
1.081000
0.951000
0.989000
0.990000
1.018000
0.900000
0.954000
0.848000
0.882000
0.907000
0.954000
0.947000
1.000000
0.920000
0.869000
0.945000
0.914000
0.901000
0.994000
0.955000
0.994000
1.045000
1.387000
1.497000
1.045000
0.984000
0.926000
0.967000
0.927000
1.345000
1.655000
