0.000000
17.121000
17.876000
17.925000
21.710000
21.319000
18.679000
16.622000
17.850000
19.128000
18.855000
18.800000
18.388000
17.117000
17.539000
15.679000
16.808000
16.988000
17.281000
15.923000
15.597000
16.090000
16.312000
16.263000
15.716000
15.449000
16.859000
18.570000
17.959000
17.199000
17.121000
16.273000
21.506000
23.222000
18.605000
16.347000
17.470000
16.026000
15.974000
15.925000
15.729000
17.823000
17.389000
16.973000
19.277000
18.836000
25.475000
27.923000
30.275000
25.118000
19.730000
17.433000
17.158000
17.862000
19.100000
17.769000
17.601000
18.152000
17.548000
17.611000
16.743000
16.746000
28.068000
29.789000
24.981000
20.263000
20.140000
18.328000
36.035000
41.940000
29.202000
20.443000
16.944000
17.172000
16.899000
15.879000
18.424000
25.049000
27.316000
22.155000
17.823000
17.057000
18.514000
17.694000
16.415000
23.085000
28.565000
20.179000
17.264000
16.300000
16.464000
16.407000
16.597000
16.173000
16.687000
16.566000
17.013000
16.122000
15.932000
19.260000
21.010000
18.936000
16.791000
16.519000
14.958000
15.990000
15.714000
16.704000
17.328000
16.888000
16.735000
16.244000
15.961000
16.150000
25.722000
28.701000
21.668000
20.003000
15.922000
15.080000
16.755000
18.880000
19.298000
18.030000
19.497000
18.305000
18.606000
16.684000
15.440000
17.922000
20.518000
20.437000
16.284000
16.373000
18.268000
18.825000
16.564000
25.176000
20.334000
17.062000
18.762000
17.679000
16.307000
18.082000
17.536000
26.241000
28.278000
19.009000
30.510000
34.851000
27.289000
19.159000
18.007000
19.990000
17.589000
18.290000
18.314000
18.829000
16.641000
17.637000
15.685000
16.316000
16.781000
17.635000
17.506000
18.500000
17.015000
16.072000
17.471000
16.897000
16.670000
18.388000
17.669000
18.379000
19.320000
25.656000
27.683000
19.325000
18.191000
17.126000
17.875000
17.134000
24.880000
30.609000
