0.000000
0.910000
0.944000
0.949000
0.955000
0.983000
0.912000
0.898000
0.958000
1.007000
0.998000
0.988000
0.949000
0.925000
0.915000
0.864000
0.896000
0.906000
0.931000
0.879000
0.866000
0.882000
0.888000
0.859000
0.874000
0.862000
0.916000
0.952000
0.931000
0.928000
0.922000
0.863000
1.117000
1.100000
0.915000
0.876000
0.904000
0.877000
0.884000
0.878000
0.864000
0.918000
0.898000
0.915000
0.996000
0.987000
1.263000
1.325000
1.405000
1.175000
1.012000
0.902000
0.907000
0.918000
0.942000
0.908000
0.927000
0.918000
0.930000
0.898000
0.881000
0.889000
1.283000
1.220000
1.015000
1.061000
1.050000
0.973000
1.687000
1.970000
1.422000
1.007000
0.925000
0.919000
0.907000
0.868000
0.978000
1.199000
1.305000
1.078000
0.938000
0.900000
0.972000
0.943000
0.882000
1.118000
1.302000
1.009000
0.916000
0.859000
0.889000
0.887000
0.901000
0.880000
0.902000
0.891000
0.920000
0.883000
0.882000
1.028000
1.073000
0.978000
0.883000
0.894000
0.847000
0.872000
0.854000
0.874000
0.892000
0.883000
0.891000
0.882000
0.865000
0.884000
1.272000
1.354000
1.040000
0.943000
0.877000
0.851000
0.913000
0.942000
0.962000
0.913000
0.930000
0.949000
0.928000
0.903000
0.865000
0.952000
1.001000
1.030000
0.892000
0.893000
0.900000
0.893000
0.898000
1.217000
1.030000
0.909000
0.963000
0.933000
0.882000
0.942000
0.943000
1.297000
1.402000
1.009000
1.452000
1.604000
1.214000
0.986000
0.938000
0.999000
0.930000
0.952000
0.951000
0.956000
0.910000
0.916000
0.875000
0.894000
0.892000
0.912000
0.925000
0.962000
0.926000
0.890000
0.952000
0.912000
0.892000
0.958000
0.941000
0.954000
1.007000
1.238000
1.147000
0.952000
0.896000
0.927000
0.942000
0.907000
1.217000
1.457000
