0.000000
1.206000
1.029000
0.771000
0.785000
0.887000
1.047000
0.895000
0.867000
0.889000
2.723000
3.837000
2.714000
1.338000
0.955000
0.931000
1.319000
1.488000
0.945000
0.771000
1.279000
1.296000
0.888000
0.746000
0.756000
0.916000
1.020000
1.571000
1.426000
1.416000
1.153000
0.929000
0.975000
1.284000
1.649000
1.067000
0.872000
0.934000
0.825000
0.795000
0.882000
1.080000
1.338000
1.056000
0.867000
0.813000
0.813000
0.864000
1.888000
3.134000
3.176000
1.313000
0.930000
1.120000
1.618000
1.545000
1.064000
0.845000
0.756000
0.921000
1.291000
1.285000
1.160000
1.082000
0.809000
0.764000
0.814000
1.284000
2.282000
1.961000
1.242000
0.723000
0.744000
0.839000
1.102000
2.895000
3.412000
1.436000
0.862000
1.381000
2.113000
1.777000
1.134000
1.054000
1.254000
1.479000
1.291000
1.152000
0.975000
0.817000
0.821000
0.930000
0.887000
1.187000
1.427000
0.884000
0.844000
1.306000
1.380000
1.098000
1.037000
0.828000
0.991000
1.190000
0.810000
0.926000
0.881000
0.801000
1.018000
1.096000
1.290000
1.237000
0.882000
0.851000
0.869000
0.915000
0.967000
0.839000
0.737000
0.747000
0.678000
0.737000
0.894000
1.399000
1.513000
1.086000
0.884000
0.911000
0.813000
0.783000
0.848000
1.163000
1.158000
1.123000
0.843000
0.818000
0.851000
1.441000
2.014000
1.789000
1.011000
0.819000
0.727000
0.747000
0.954000
1.209000
1.123000
0.836000
0.726000
1.035000
1.559000
1.372000
1.094000
0.881000
0.862000
1.670000
1.893000
1.123000
0.814000
0.821000
1.069000
1.476000
1.433000
1.010000
1.302000
1.574000
1.436000
1.178000
0.978000
0.984000
0.740000
0.998000
1.400000
1.123000
0.879000
0.809000
0.916000
1.190000
1.205000
0.851000
0.782000
1.415000
1.666000
1.014000
0.971000
1.495000
1.475000
0.998000
0.814000
0.738000
0.807000
1.009000
1.308000
0.959000
0.862000
0.863000
0.956000
1.585000
1.586000
1.297000
1.061000
0.855000
0.710000
1.021000
1.381000
1.154000
0.876000
0.795000
0.916000
1.180000
1.268000
0.977000
1.212000
1.197000
1.029000
0.911000
0.732000
0.794000
0.932000
1.279000
1.128000
0.912000
0.769000
0.876000
1.221000
1.851000
1.385000
0.954000
0.810000
0.868000
1.190000
1.356000
0.959000
0.945000
0.893000
0.747000
0.824000
1.124000
1.201000
0.969000
0.834000
0.790000
1.043000
1.761000
1.501000
1.007000
0.945000
1.200000
1.492000
1.106000
1.039000
1.015000
0.848000
1.042000
1.420000
1.152000
0.912000
0.908000
1.145000
1.143000
0.996000
1.137000
0.846000
0.748000
1.199000
1.685000
1.335000
0.946000
0.809000
0.815000
0.926000
1.779000
2.105000
1.270000
1.121000
1.010000
0.792000
0.730000
0.824000
1.410000
1.429000
0.893000
0.840000
0.951000
1.103000
0.992000
1.013000
0.877000
1.083000
1.068000
0.987000
