0.000000
36.181000
30.857000
23.120000
23.544000
26.614000
31.403000
26.841000
25.997000
26.666000
81.679000
115.129000
81.430000
40.133000
28.645000
27.939000
39.567000
44.643000
28.360000
23.146000
38.364000
38.870000
26.640000
22.377000
22.670000
27.480000
30.590000
47.121000
42.777000
42.488000
34.580000
27.873000
29.241000
38.512000
49.469000
32.009000
26.171000
28.028000
24.740000
23.841000
26.465000
32.412000
40.136000
31.685000
26.022000
24.396000
24.379000
25.920000
56.647000
94.029000
95.282000
39.405000
27.911000
33.602000
48.533000
46.343000
31.924000
25.351000
22.685000
27.616000
38.724000
38.554000
34.799000
32.465000
24.279000
22.927000
24.418000
38.524000
68.467000
58.820000
37.271000
21.702000
22.332000
25.166000
33.059000
86.865000
102.369000
43.091000
25.854000
41.437000
63.393000
53.302000
34.029000
31.625000
37.611000
44.384000
38.719000
34.558000
29.265000
24.512000
24.643000
27.888000
26.599000
35.600000
42.816000
26.527000
25.327000
39.192000
41.395000
32.952000
31.106000
24.847000
29.721000
35.712000
24.308000
27.770000
26.427000
24.045000
30.552000
32.895000
38.697000
37.115000
26.455000
25.527000
26.072000
27.442000
28.998000
25.182000
22.112000
22.412000
20.344000
22.121000
26.823000
41.971000
45.380000
32.568000
26.510000
27.341000
24.397000
23.502000
25.446000
34.904000
34.745000
33.702000
25.302000
24.543000
25.525000
43.221000
60.433000
53.685000
30.346000
24.578000
21.811000
22.399000
28.631000
36.286000
33.685000
25.081000
21.780000
31.047000
46.766000
41.160000
32.811000
26.445000
25.872000
50.117000
56.783000
33.704000
24.433000
24.624000
32.070000
44.295000
43.001000
30.307000
39.061000
47.221000
43.089000
35.348000
29.345000
29.529000
22.206000
29.944000
42.007000
33.684000
26.359000
24.279000
27.469000
35.706000
36.163000
25.543000
23.455000
42.456000
49.978000
30.424000
29.137000
44.842000
44.238000
29.952000
24.420000
22.149000
24.210000
30.260000
39.242000
28.775000
25.855000
25.895000
28.688000
47.544000
47.584000
38.903000
31.829000
25.661000
21.300000
30.630000
41.432000
34.634000
26.269000
23.861000
27.493000
35.409000
38.031000
29.297000
36.351000
35.903000
30.871000
27.339000
21.969000
23.830000
27.974000
38.372000
33.827000
27.364000
23.070000
26.295000
36.641000
55.525000
41.566000
28.620000
24.306000
26.026000
35.711000
40.694000
28.762000
28.342000
26.785000
22.398000
24.724000
33.729000
36.044000
29.081000
25.020000
23.693000
31.290000
52.822000
45.030000
30.214000
28.355000
36.007000
44.763000
33.175000
31.180000
30.458000
25.445000
31.273000
42.601000
34.566000
27.368000
27.226000
34.351000
34.297000
29.867000
34.121000
25.391000
22.435000
35.983000
50.539000
40.052000
28.374000
24.284000
24.445000
27.779000
53.375000
63.149000
38.103000
33.645000
30.304000
23.752000
21.914000
24.735000
42.301000
42.883000
26.799000
25.199000
28.519000
33.085000
29.755000
30.387000
26.309000
32.492000
32.027000
29.598000
