0.000000
1.065000
0.953000
0.770000
0.772000
0.838000
0.960000
0.825000
0.792000
0.846000
2.364000
3.118000
2.275000
1.147000
0.905000
0.900000
1.219000
1.282000
0.889000
0.761000
1.093000
1.103000
0.874000
0.754000
0.762000
0.842000
0.825000
1.290000
1.284000
1.164000
1.025000
0.852000
0.835000
1.077000
1.386000
0.986000
0.819000
0.855000
0.796000
0.809000
0.801000
0.951000
1.108000
0.939000
0.808000
0.748000
0.735000
0.805000
1.560000
2.737000
2.975000
1.216000
0.857000
0.975000
1.334000
1.280000
0.939000
0.785000
0.741000
0.854000
1.043000
1.066000
0.985000
0.949000
0.778000
0.751000
0.783000
1.118000
1.914000
1.666000
1.121000
0.765000
0.743000
0.811000
0.996000
2.668000
3.113000
1.228000
0.798000
1.172000
1.647000
1.448000
1.006000
0.911000
1.052000
1.265000
1.104000
0.973000
0.857000
0.781000
0.754000
0.855000
0.836000
1.084000
1.241000
0.863000
0.792000
1.144000
1.181000
0.997000
0.873000
0.773000
0.895000
1.049000
0.796000
0.811000
0.783000
0.765000
0.917000
0.967000
1.076000
1.039000
0.827000
0.809000
0.763000
0.827000
0.869000
0.810000
0.728000
0.716000
0.705000
0.757000
0.832000
1.130000
1.240000
0.955000
0.781000
0.805000
0.784000
0.733000
0.794000
0.970000
0.998000
0.996000
0.793000
0.761000
0.797000
1.243000
1.615000
1.408000
0.905000
0.757000
0.734000
0.734000
0.890000
1.047000
1.016000
0.818000
0.744000
0.945000
1.255000
1.142000
0.935000
0.812000
0.812000
1.479000
1.685000
1.037000
0.790000
0.764000
0.972000
1.320000
1.300000
0.879000
1.126000
1.287000
1.162000
0.998000
0.857000
0.837000
0.737000
0.911000
1.188000
1.013000
0.838000
0.785000
0.849000
1.003000
0.998000
0.801000
0.777000
1.158000
1.424000
0.918000
0.863000
1.221000
1.228000
0.886000
0.743000
0.751000
0.787000
0.932000
1.153000
0.890000
0.811000
0.786000
0.803000
1.362000
1.388000
1.190000
0.971000
0.796000
0.728000
0.948000
1.207000
1.090000
0.875000
0.772000
0.834000
1.001000
1.045000
0.889000
1.026000
1.003000
0.884000
0.830000
0.759000
0.792000
0.861000
1.058000
0.998000
0.839000
0.761000
0.794000
1.046000
1.484000
1.176000
0.878000
0.795000
0.813000
0.986000
1.126000
0.894000
0.844000
0.783000
0.747000
0.780000
1.041000
1.057000
0.854000
0.783000
0.757000
0.937000
1.311000
1.240000
0.947000
0.865000
1.043000
1.202000
1.001000
0.934000
0.894000
0.802000
0.931000
1.214000
1.032000
0.882000
0.895000
1.037000
1.013000
0.868000
1.033000
0.806000
0.758000
1.041000
1.395000
1.167000
0.881000
0.789000
0.781000
0.839000
1.628000
1.879000
1.138000
1.017000
0.942000
0.788000
0.768000
0.781000
1.162000
1.224000
0.835000
0.753000
0.891000
0.977000
0.834000
0.826000
0.852000
1.039000
1.000000
0.913000
