0.000000
0.262000
0.508000
0.284000
0.170000
0.323000
0.173000
0.339000
0.294000
0.249000
1.481000
0.628000
1.136000
0.411000
0.431000
0.528000
0.328000
0.327000
0.167000
0.121000
0.467000
0.389000
0.256000
0.069000
0.172000
0.166000
0.179000
0.723000
0.246000
0.681000
0.584000
0.337000
0.252000
0.258000
0.680000
0.409000
0.093000
0.134000
0.148000
0.132000
0.227000
0.563000
0.372000
0.168000
0.181000
0.136000
0.212000
0.202000
1.051000
0.941000
0.935000
0.489000
0.504000
0.710000
0.937000
0.415000
0.195000
0.235000
0.194000
0.478000
0.314000
0.224000
0.472000
0.764000
0.232000
0.165000
0.274000
0.774000
1.332000
0.509000
0.305000
0.285000
0.146000
0.408000
0.393000
0.746000
1.024000
0.201000
0.193000
0.603000
0.354000
1.324000
0.856000
0.638000
0.825000
0.603000
0.201000
0.429000
0.361000
0.130000
0.118000
0.104000
0.136000
0.416000
0.843000
0.318000
0.341000
0.659000
0.309000
0.170000
0.099000
0.088000
0.350000
0.584000
0.269000
0.095000
0.206000
0.126000
0.255000
0.213000
0.377000
0.404000
0.344000
0.299000
0.204000
0.312000
0.521000
0.407000
0.158000
0.109000
0.162000
0.176000
0.349000
0.360000
0.495000
0.247000
0.102000
0.189000
0.125000
0.094000
0.263000
0.163000
0.218000
0.385000
0.205000
0.297000
0.267000
0.746000
0.491000
0.925000
0.465000
0.177000
0.183000
0.041000
0.267000
0.200000
0.259000
0.364000
0.261000
0.339000
0.632000
0.127000
0.211000
0.138000
0.266000
0.949000
0.566000
0.676000
0.271000
0.152000
0.264000
0.862000
0.649000
0.391000
0.827000
0.312000
0.503000
0.309000
0.221000
0.207000
0.155000
0.565000
0.475000
0.485000
0.417000
0.329000
0.461000
0.203000
0.280000
0.044000
0.379000
0.319000
0.785000
0.370000
0.261000
0.760000
0.835000
0.363000
0.090000
0.181000
0.114000
0.237000
0.771000
0.339000
0.358000
0.153000
0.311000
0.666000
0.541000
0.262000
0.243000
0.218000
0.091000
0.417000
0.457000
0.268000
0.263000
0.156000
0.209000
0.384000
0.593000
0.200000
0.178000
0.305000
0.613000
0.585000
0.348000
0.315000
0.134000
0.707000
0.530000
0.279000
0.174000
0.220000
0.486000
0.426000
0.390000
0.333000
0.154000
0.225000
0.264000
0.712000
0.168000
0.241000
0.260000
0.154000
0.238000
0.634000
0.378000
0.184000
0.198000
0.261000
0.303000
0.250000
0.631000
0.503000
0.375000
0.646000
0.251000
0.667000
0.305000
0.226000
0.342000
0.465000
0.709000
0.494000
0.232000
0.163000
0.246000
0.348000
0.092000
0.152000
0.229000
0.154000
0.495000
0.679000
0.508000
0.301000
0.167000
0.175000
0.290000
0.937000
0.499000
0.417000
0.415000
0.230000
0.235000
0.182000
0.232000
0.539000
0.520000
0.165000
0.048000
0.390000
0.366000
0.131000
0.247000
0.307000
0.338000
0.332000
0.238000
