-0.019000
0.006000
-0.129000
-0.052000
-0.134000
0.012000
-0.015000
-0.057000
-0.061000
-0.019000
-0.340000
-0.335000
-0.007000
-0.103000
-0.184000
-0.117000
-0.112000
-0.232000
-0.252000
-0.232000
-0.061000
-0.122000
-0.240000
-0.230000
-0.199000
-0.203000
-0.303000
-0.045000
-0.067000
0.075000
-0.115000
-0.026000
-0.083000
-0.079000
-0.368000
-0.223000
-0.231000
-0.194000
-0.240000
-0.204000
-0.320000
-0.081000
-0.219000
-0.262000
-0.292000
-0.282000
-0.313000
-0.274000
-0.157000
-0.338000
-0.364000
-0.322000
-0.376000
-0.180000
-0.196000
-0.204000
-0.181000
-0.261000
-0.272000
-0.176000
-0.209000
-0.284000
-0.110000
-0.387000
-0.338000
-0.341000
-0.343000
-0.258000
-0.211000
-0.197000
-0.083000
-0.165000
-0.130000
-0.130000
-0.107000
-0.195000
-0.123000
-0.172000
-0.172000
-0.038000
0.086000
-0.324000
-0.057000
-0.257000
0.079000
-0.132000
-0.259000
-0.097000
-0.192000
-0.162000
-0.143000
-0.158000
-0.134000
-0.164000
-0.430000
-0.357000
-0.257000
-0.126000
-0.296000
-0.264000
-0.221000
-0.229000
-0.126000
-0.386000
-0.300000
-0.284000
-0.307000
-0.290000
-0.212000
-0.301000
-0.396000
-0.474000
-0.338000
-0.435000
-0.412000
-0.552000
-0.412000
-0.560000
-0.517000
-0.584000
-0.512000
-0.558000
-0.400000
-0.376000
-0.420000
-0.491000
-0.455000
-0.408000
-0.391000
-0.416000
-0.318000
-0.364000
-0.427000
-0.533000
-0.526000
-0.493000
-0.526000
-0.480000
-0.605000
-0.675000
-0.545000
-0.554000
-0.523000
-0.535000
-0.494000
-0.554000
-0.441000
-0.518000
-0.461000
-0.399000
-0.451000
-0.498000
-0.445000
-0.505000
-0.352000
-0.789000
-1.029000
-0.733000
-0.710000
-0.691000
-0.638000
-0.988000
-0.864000
-0.884000
-0.532000
-0.496000
-0.717000
-0.606000
-0.704000
-0.734000
-0.764000
-0.556000
-0.751000
-0.957000
-0.751000
-0.841000
-0.646000
-0.731000
-0.832000
-0.836000
-0.710000
-0.675000
-1.040000
-1.013000
-0.866000
-0.537000
-0.891000
-0.786000
-0.763000
-0.747000
-0.733000
-0.715000
-1.073000
-0.960000
-0.859000
-0.873000
-0.803000
-1.049000
-1.141000
-1.154000
-1.108000
-0.996000
-1.043000
-0.839000
-1.028000
-0.987000
-0.883000
-0.935000
-0.833000
-0.713000
-0.929000
-0.960000
-0.828000
-0.741000
-0.973000
-0.799000
-0.854000
-0.780000
-0.810000
-1.081000
-0.843000
-0.912000
-0.878000
-0.978000
-0.692000
-0.883000
-1.092000
-0.949000
-0.987000
-0.874000
-0.824000
-1.076000
-1.060000
-1.119000
-1.019000
-1.027000
-0.948000
-1.166000
-1.068000
-1.029000
-1.076000
-1.012000
-0.872000
-0.997000
-1.274000
-1.078000
-1.208000
-0.909000
-0.912000
-1.166000
-1.103000
-1.037000
-1.124000
-0.989000
-1.308000
-1.209000
-1.174000
-1.126000
-1.183000
-1.251000
-1.241000
-1.200000
-1.186000
-1.251000
-1.054000
-0.966000
-1.165000
-1.085000
-1.129000
-1.077000
-1.143000
-0.780000
-0.656000
-0.789000
-0.975000
-1.048000
-0.966000
-1.009000
-0.933000
-0.780000
-0.973000
-0.992000
-0.994000
-0.858000
-0.965000
-0.957000
-1.002000
-0.935000
-1.058000
-1.000000
-0.994000
