38.849000 0.500000 1.000000
42.307000 0.500000 1.000000
45.170000 0.500000 1.000000
47.553000 0.500000 1.000000
57.928000 0.500000 1.000000
60.691000 0.500000 1.000000
63.206000 0.500000 1.000000
65.523000 0.500000 1.000000
67.641000 0.500000 1.000000
71.182000 0.500000 1.000000
83.178000 0.500000 1.000000
86.339000 0.500000 1.000000
88.324000 0.500000 1.000000
90.161000 0.500000 1.000000
92.593000 0.500000 1.000000
95.307000 0.500000 1.000000
105.169000 0.500000 1.000000
107.088000 0.500000 1.000000
109.852000 0.500000 1.000000
112.019000 0.500000 1.000000
119.730000 0.500000 1.000000
123.023000 0.500000 1.000000
124.810000 0.500000 1.000000
128.020000 0.500000 1.000000
131.131000 0.500000 1.000000
137.286000 0.500000 1.000000
139.040000 0.500000 1.000000
141.241000 0.500000 1.000000
143.541000 0.500000 1.000000
153.221000 0.500000 1.000000
154.992000 0.500000 1.000000
201.224000 0.500000 1.000000
205.013000 0.500000 1.000000
207.859000 0.500000 1.000000
210.258000 0.500000 1.000000
212.012000 0.500000 1.000000
223.959000 0.500000 1.000000
226.689000 0.500000 1.000000
229.386000 0.500000 1.000000
231.091000 0.500000 1.000000
233.308000 0.500000 1.000000
236.733000 0.500000 1.000000
238.636000 0.500000 1.000000
293.175000 0.500000 1.000000
296.219000 0.500000 1.000000
298.718000 0.500000 1.000000
302.044000 0.500000 1.000000
305.585000 0.500000 1.000000
309.142000 0.500000 1.000000
319.302000 0.500000 1.000000
322.512000 0.500000 1.000000
324.514000 0.500000 1.000000
327.212000 0.500000 1.000000
329.181000 0.500000 1.000000
331.795000 0.500000 1.000000
333.433000 0.500000 1.000000
342.815000 0.500000 1.000000
345.397000 0.500000 1.000000
347.134000 0.500000 1.000000
348.888000 0.500000 1.000000
351.188000 0.500000 1.000000
354.299000 0.500000 1.000000
356.996000 0.500000 1.000000
390.404000 0.500000 1.000000
393.482000 0.500000 1.000000
395.831000 0.500000 1.000000
398.578000 0.500000 1.000000
400.249000 0.500000 1.000000
402.516000 0.500000 1.000000
404.965000 0.500000 1.000000
413.504000 0.500000 1.000000
415.241000 0.500000 1.000000
416.631000 0.500000 1.000000
419.891000 0.500000 1.000000
466.371000 0.500000 1.000000
469.895000 0.500000 1.000000
473.089000 0.500000 1.000000
475.521000 0.500000 1.000000
477.590000 0.500000 1.000000
489.503000 0.500000 1.000000
492.085000 0.500000 1.000000
495.560000 0.500000 1.000000
497.512000 0.500000 1.000000
499.448000 0.500000 1.000000
502.195000 0.500000 1.000000
505.587000 0.500000 1.000000
