0.000000
0.535000
0.521000
0.547000
0.564000
0.646000
0.754000
0.707000
0.632000
0.606000
0.632000
0.640000
0.679000
0.670000
0.593000
0.557000
0.720000
0.732000
0.619000
0.567000
0.633000
0.690000
0.644000
0.557000
0.634000
0.696000
0.646000
0.814000
1.023000
0.805000
0.647000
0.657000
0.594000
0.699000
0.766000
0.669000
0.645000
0.844000
0.793000
1.069000
1.456000
1.381000
1.218000
1.039000
1.150000
0.861000
0.622000
0.568000
0.769000
0.759000
1.050000
1.195000
1.064000
0.809000
1.008000
0.933000
0.968000
0.973000
0.892000
0.926000
0.731000
0.570000
1.330000
1.354000
1.398000
1.245000
1.112000
1.289000
1.126000
1.101000
0.807000
0.581000
0.805000
1.080000
1.017000
0.909000
0.677000
0.786000
2.303000
2.082000
0.891000
0.853000
0.933000
0.953000
1.202000
1.276000
1.089000
0.688000
0.991000
0.844000
0.782000
0.770000
0.821000
1.067000
1.012000
1.448000
4.054000
4.250000
2.609000
2.700000
1.285000
0.779000
0.837000
0.955000
0.859000
1.138000
1.224000
0.816000
0.610000
1.070000
1.036000
0.898000
0.869000
0.938000
1.063000
1.087000
0.936000
0.811000
0.762000
0.690000
0.661000
0.623000
1.078000
1.203000
1.169000
0.681000
0.754000
0.767000
0.711000
0.844000
1.184000
0.958000
0.665000
0.691000
0.816000
0.967000
1.998000
1.660000
0.852000
0.719000
0.730000
0.797000
0.927000
0.786000
0.694000
0.618000
0.643000
0.759000
0.817000
0.835000
0.871000
0.984000
0.801000
0.636000
1.012000
0.993000
0.933000
1.014000
0.679000
0.796000
0.840000
0.678000
0.631000
0.824000
0.970000
0.841000
0.752000
0.693000
0.603000
0.758000
0.817000
0.923000
1.330000
1.019000
0.865000
0.725000
1.056000
0.960000
0.795000
0.910000
1.009000
1.174000
1.338000
1.113000
0.689000
0.747000
0.757000
0.659000
0.868000
1.031000
1.016000
1.227000
1.219000
1.287000
1.104000
0.977000
0.859000
0.873000
1.888000
2.054000
1.310000
1.248000
0.816000
0.856000
0.961000
1.277000
1.373000
0.988000
0.832000
0.797000
0.756000
0.847000
1.069000
1.021000
0.995000
1.280000
1.469000
1.436000
0.938000
0.922000
1.335000
1.709000
1.522000
1.334000
1.196000
1.120000
1.499000
1.456000
1.165000
1.310000
2.323000
2.499000
1.182000
0.860000
0.719000
0.901000
1.026000
1.018000
1.045000
0.969000
1.021000
0.958000
0.954000
1.071000
0.841000
1.218000
1.468000
1.294000
0.864000
0.979000
1.280000
0.796000
0.564000
0.938000
1.036000
0.981000
0.996000
0.961000
2.245000
2.689000
1.245000
0.948000
2.195000
4.435000
4.747000
1.549000
1.122000
