0.000000
22.589000
22.005000
23.115000
23.814000
27.297000
31.847000
29.843000
26.681000
25.608000
26.696000
27.034000
28.684000
28.285000
25.039000
23.537000
30.390000
30.905000
26.136000
23.933000
26.737000
29.155000
27.182000
23.505000
26.792000
29.406000
27.262000
34.380000
43.216000
33.983000
27.303000
27.723000
25.082000
29.497000
32.360000
28.270000
27.255000
35.659000
33.490000
45.151000
61.485000
58.325000
51.414000
43.861000
48.565000
36.353000
26.282000
23.982000
32.455000
32.031000
44.328000
50.475000
44.926000
34.170000
42.588000
39.420000
40.861000
41.078000
37.662000
39.086000
30.849000
24.064000
56.163000
57.189000
59.023000
52.570000
46.975000
54.451000
47.548000
46.487000
34.094000
24.544000
34.009000
45.625000
42.967000
38.396000
28.587000
33.206000
97.274000
87.915000
37.632000
36.029000
39.400000
40.230000
50.755000
53.898000
46.005000
29.074000
41.838000
35.648000
33.034000
32.531000
34.665000
45.069000
42.755000
61.137000
171.191000
179.485000
110.155000
114.007000
54.263000
32.915000
35.331000
40.334000
36.286000
48.041000
51.680000
34.462000
25.762000
45.198000
43.739000
37.915000
36.703000
39.607000
44.890000
45.913000
39.509000
34.256000
32.165000
29.136000
27.910000
26.303000
45.540000
50.789000
49.346000
28.778000
31.822000
32.382000
30.006000
35.645000
49.989000
40.473000
28.071000
29.191000
34.478000
40.819000
84.385000
70.098000
35.985000
30.369000
30.814000
33.667000
39.152000
33.205000
29.286000
26.112000
27.170000
32.041000
34.496000
35.257000
36.796000
41.565000
33.834000
26.853000
42.735000
41.950000
39.417000
42.802000
28.681000
33.615000
35.466000
28.624000
26.639000
34.797000
40.965000
35.532000
31.739000
29.269000
25.471000
32.023000
34.515000
38.966000
56.155000
43.035000
36.540000
30.619000
44.581000
40.533000
33.574000
38.431000
42.607000
49.568000
56.489000
47.009000
29.076000
31.536000
31.983000
27.818000
36.640000
43.554000
42.914000
51.794000
51.487000
54.334000
46.603000
41.246000
36.284000
36.874000
79.717000
86.734000
55.332000
52.720000
34.463000
36.156000
40.584000
53.921000
57.963000
41.709000
35.150000
33.662000
31.928000
35.785000
45.122000
43.098000
42.022000
54.052000
62.037000
60.649000
39.592000
38.934000
56.358000
72.159000
64.274000
56.343000
50.512000
47.295000
63.316000
61.480000
49.192000
55.341000
98.082000
105.538000
49.910000
36.338000
30.352000
38.028000
43.312000
42.968000
44.118000
40.914000
43.118000
40.476000
40.269000
45.239000
35.525000
51.438000
61.993000
54.647000
36.472000
41.322000
54.065000
33.626000
23.814000
39.602000
43.736000
41.413000
42.076000
40.585000
94.785000
113.543000
52.569000
40.054000
92.690000
187.273000
200.471000
65.418000
47.390000
