0.000000
0.583000
0.578000
0.590000
0.592000
0.654000
0.722000
0.691000
0.641000
0.616000
0.641000
0.647000
0.670000
0.659000
0.605000
0.581000
0.691000
0.703000
0.618000
0.588000
0.624000
0.682000
0.654000
0.587000
0.655000
0.686000
0.637000
0.738000
0.893000
0.752000
0.644000
0.650000
0.614000
0.669000
0.711000
0.655000
0.645000
0.771000
0.742000
0.918000
1.221000
1.189000
1.067000
0.944000
0.993000
0.785000
0.632000
0.587000
0.729000
0.731000
0.908000
1.037000
0.985000
0.805000
0.922000
0.845000
0.864000
0.869000
0.798000
0.847000
0.732000
0.617000
1.149000
1.178000
1.199000
1.057000
0.982000
1.105000
0.975000
0.962000
0.752000
0.611000
0.739000
0.938000
0.929000
0.837000
0.673000
0.744000
2.092000
1.853000
0.841000
0.788000
0.831000
0.852000
1.030000
1.107000
1.004000
0.689000
0.875000
0.801000
0.751000
0.735000
0.755000
0.929000
0.909000
1.274000
3.637000
3.883000
2.572000
2.683000
1.342000
0.783000
0.793000
0.873000
0.828000
1.018000
1.061000
0.765000
0.634000
0.942000
0.934000
0.823000
0.777000
0.871000
0.989000
1.000000
0.876000
0.728000
0.717000
0.676000
0.674000
0.644000
0.950000
1.066000
1.018000
0.710000
0.727000
0.731000
0.686000
0.770000
0.991000
0.907000
0.683000
0.691000
0.777000
0.872000
1.874000
1.573000
0.815000
0.720000
0.691000
0.753000
0.837000
0.748000
0.681000
0.641000
0.671000
0.741000
0.772000
0.783000
0.809000
0.886000
0.754000
0.646000
0.936000
0.876000
0.857000
0.936000
0.688000
0.771000
0.786000
0.674000
0.650000
0.767000
0.877000
0.799000
0.736000
0.705000
0.633000
0.726000
0.783000
0.847000
1.151000
0.967000
0.811000
0.720000
0.927000
0.879000
0.754000
0.822000
0.925000
1.041000
1.132000
0.964000
0.667000
0.705000
0.711000
0.653000
0.816000
0.949000
0.918000
1.001000
1.029000
1.077000
0.943000
0.860000
0.785000
0.790000
1.651000
1.854000
1.225000
1.133000
0.789000
0.808000
0.871000
1.108000
1.198000
0.925000
0.773000
0.742000
0.709000
0.791000
1.040000
1.030000
0.915000
1.148000
1.217000
1.183000
0.894000
0.886000
1.184000
1.351000
1.256000
1.131000
1.056000
1.014000
1.251000
1.217000
1.019000
1.179000
2.122000
2.390000
1.114000
0.794000
0.735000
0.852000
0.938000
0.892000
0.892000
0.868000
0.922000
0.872000
0.843000
0.957000
0.778000
1.050000
1.218000
1.096000
0.816000
0.890000
1.163000
0.815000
0.617000
0.916000
0.951000
0.884000
0.904000
0.880000
2.023000
2.431000
1.146000
0.863000
1.955000
4.316000
4.942000
1.700000
1.052000
