0.000000
0.182000
0.080000
0.074000
0.082000
0.171000
0.096000
0.246000
0.227000
0.276000
0.289000
0.151000
0.305000
0.226000
0.092000
0.111000
0.474000
0.515000
0.262000
0.284000
0.268000
0.161000
0.318000
0.159000
0.137000
0.131000
0.226000
0.458000
0.499000
0.531000
0.223000
0.302000
0.128000
0.126000
0.173000
0.429000
0.497000
0.262000
0.443000
0.676000
1.022000
0.685000
0.299000
0.559000
0.451000
0.224000
0.126000
0.217000
0.779000
0.679000
0.713000
0.222000
0.606000
0.493000
0.381000
0.276000
0.168000
0.283000
0.459000
0.779000
0.816000
0.269000
1.491000
0.977000
0.725000
1.124000
1.518000
0.463000
0.202000
0.186000
0.514000
0.339000
0.544000
0.194000
0.534000
0.350000
0.407000
0.530000
3.159000
1.759000
0.562000
0.414000
0.429000
0.440000
1.283000
1.178000
0.566000
0.480000
0.919000
0.595000
0.268000
0.347000
0.365000
1.261000
1.657000
2.031000
4.620000
2.637000
2.658000
2.609000
1.119000
0.676000
0.758000
0.380000
0.745000
1.422000
0.990000
0.750000
0.448000
1.134000
0.916000
0.464000
0.767000
1.039000
0.867000
0.889000
0.417000
0.472000
0.544000
0.477000
0.328000
0.595000
1.395000
0.978000
1.727000
0.520000
0.760000
0.292000
0.107000
0.490000
1.625000
1.263000
0.711000
0.841000
0.364000
0.456000
3.362000
1.447000
0.400000
0.501000
0.728000
0.811000
1.237000
0.720000
0.392000
0.377000
0.364000
0.610000
0.544000
0.499000
0.594000
0.516000
0.804000
0.510000
1.114000
1.076000
0.924000
0.935000
0.332000
0.841000
1.030000
0.504000
0.464000
0.819000
0.547000
0.649000
0.904000
0.425000
0.310000
0.711000
0.551000
0.841000
1.580000
0.830000
0.892000
0.689000
1.024000
0.521000
0.631000
1.158000
1.270000
1.086000
0.762000
1.068000
0.195000
0.258000
0.476000
0.439000
0.547000
0.887000
1.153000
0.730000
1.517000
2.118000
1.028000
0.549000
0.347000
0.322000
1.869000
2.482000
1.810000
0.670000
1.016000
0.865000
0.584000
0.865000
1.853000
1.284000
0.766000
0.204000
0.434000
0.940000
1.009000
0.874000
1.161000
1.156000
0.916000
2.098000
0.645000
0.843000
1.733000
0.671000
2.103000
2.105000
1.058000
0.311000
1.083000
0.904000
1.505000
1.317000
1.350000
2.672000
1.343000
0.416000
0.515000
1.238000
0.532000
0.237000
0.756000
1.350000
1.387000
0.565000
0.210000
0.913000
0.935000
1.805000
0.335000
1.613000
0.855000
0.607000
1.982000
0.668000
0.245000
1.122000
0.533000
1.291000
1.394000
0.892000
2.885000
5.992000
1.340000
1.289000
2.581000
3.222000
3.437000
1.578000
1.462000
