0.010000
0.023000
0.015000
0.018000
0.003000
0.013000
-0.024000
-0.033000
-0.017000
-0.058000
-0.025000
-0.037000
0.047000
-0.002000
-0.009000
0.003000
0.043000
-0.017000
0.007000
-0.037000
0.004000
-0.008000
-0.029000
-0.014000
-0.024000
-0.052000
-0.081000
0.024000
0.113000
0.009000
0.058000
-0.028000
-0.015000
0.024000
-0.009000
-0.080000
0.032000
0.079000
0.039000
0.115000
-0.027000
-0.054000
-0.022000
-0.101000
-0.056000
-0.024000
-0.050000
-0.059000
0.068000
-0.027000
0.108000
0.061000
-0.020000
-0.012000
0.037000
0.036000
0.042000
0.092000
-0.003000
0.109000
-0.052000
-0.043000
-0.266000
-0.136000
-0.231000
-0.396000
-0.124000
-0.214000
-0.244000
-0.219000
-0.275000
-0.270000
-0.146000
-0.092000
-0.196000
-0.237000
-0.372000
-0.146000
0.418000
0.181000
0.116000
0.014000
0.005000
0.038000
-0.017000
-0.218000
-0.270000
-0.251000
-0.130000
-0.164000
-0.153000
-0.211000
-0.221000
-0.025000
-0.283000
0.108000
-0.495000
-0.633000
-0.305000
-1.068000
-0.714000
-0.807000
-0.659000
-0.639000
-0.690000
-0.524000
-0.592000
-0.698000
-0.596000
-0.442000
-0.498000
-0.414000
-0.510000
-0.455000
-0.378000
-0.352000
-0.277000
-0.295000
-0.270000
-0.247000
-0.214000
-0.298000
0.005000
0.285000
-0.059000
-0.144000
-0.060000
-0.122000
-0.124000
-0.103000
-0.211000
0.022000
-0.175000
-0.009000
-0.126000
-0.110000
0.405000
0.404000
0.424000
0.335000
0.400000
0.295000
0.436000
0.294000
0.367000
0.299000
0.322000
0.181000
0.246000
0.184000
0.323000
0.373000
0.234000
0.362000
0.533000
0.411000
0.384000
0.408000
0.522000
0.622000
0.434000
0.441000
0.376000
0.493000
0.419000
0.368000
0.479000
0.448000
0.447000
0.513000
0.480000
0.527000
0.257000
0.174000
0.268000
0.159000
0.297000
0.407000
0.295000
0.506000
0.312000
0.535000
0.452000
0.286000
0.282000
0.339000
0.306000
0.336000
0.356000
0.375000
0.549000
0.525000
0.334000
0.676000
0.542000
0.568000
0.545000
0.514000
0.559000
0.380000
0.432000
0.348000
0.205000
0.292000
0.213000
0.293000
0.620000
0.449000
0.564000
0.517000
0.469000
0.600000
0.523000
0.569000
0.450000
0.625000
0.689000
0.454000
0.454000
0.469000
0.591000
0.606000
0.417000
0.710000
0.666000
0.744000
0.548000
0.527000
0.790000
0.578000
0.340000
0.238000
0.434000
0.426000
0.383000
0.606000
0.663000
0.635000
0.758000
0.471000
0.757000
0.605000
0.609000
0.498000
0.411000
0.656000
0.654000
0.443000
0.571000
0.558000
0.770000
0.686000
0.696000
0.774000
0.850000
0.661000
0.863000
0.687000
0.497000
-0.422000
-0.412000
-0.617000
0.086000
1.241000
0.383000
0.556000
0.368000
