0.055000
0.012000
0.031000
0.019000
0.018000
0.071000
0.066000
-0.014000
0.045000
-0.059000
0.054000
0.008000
0.100000
0.029000
0.018000
-0.002000
0.109000
-0.049000
-0.002000
-0.076000
0.022000
0.039000
-0.033000
-0.023000
0.020000
0.033000
-0.069000
0.068000
0.171000
0.022000
0.082000
0.016000
0.076000
0.091000
0.117000
-0.052000
0.094000
0.175000
0.049000
0.027000
-0.201000
0.116000
0.062000
-0.105000
0.040000
-0.036000
-0.024000
-0.127000
0.142000
-0.084000
0.137000
0.053000
-0.175000
-0.042000
-0.136000
-0.218000
-0.166000
-0.111000
-0.196000
0.005000
-0.181000
-0.187000
-0.229000
0.076000
-0.054000
-0.046000
0.218000
0.313000
0.326000
0.335000
0.214000
0.254000
0.388000
0.435000
0.273000
0.338000
0.242000
0.248000
0.148000
0.246000
0.295000
0.233000
0.387000
0.326000
0.510000
0.221000
0.340000
0.297000
0.555000
0.407000
0.484000
0.381000
0.439000
0.574000
0.335000
0.364000
0.389000
0.260000
-0.032000
0.525000
0.489000
0.492000
0.600000
0.650000
0.449000
0.711000
0.428000
0.422000
0.402000
0.625000
0.360000
0.447000
0.319000
0.580000
0.402000
0.328000
0.302000
0.312000
0.233000
0.330000
0.279000
0.222000
0.302000
0.390000
0.291000
0.209000
0.352000
0.265000
0.266000
0.336000
0.230000
0.564000
0.425000
0.671000
0.554000
0.516000
-0.071000
0.184000
0.173000
0.083000
0.186000
0.097000
0.395000
0.220000
0.256000
0.190000
0.224000
0.170000
0.356000
0.178000
0.230000
0.425000
0.186000
0.305000
0.231000
0.237000
0.506000
0.323000
0.253000
0.406000
0.160000
0.321000
0.168000
0.412000
0.235000
0.086000
0.361000
0.279000
0.313000
0.266000
0.180000
0.055000
-0.011000
0.286000
0.363000
0.347000
0.330000
0.368000
0.361000
0.668000
0.206000
0.237000
0.115000
0.025000
-0.010000
0.089000
-0.015000
0.004000
0.012000
-0.222000
0.154000
0.090000
-0.217000
0.085000
-0.204000
-0.050000
-0.149000
-0.085000
-0.497000
-1.179000
-0.583000
-0.476000
-0.790000
-0.464000
-0.640000
-0.919000
-0.359000
-0.776000
-0.734000
-0.765000
-0.818000
-0.588000
-0.950000
-0.674000
-1.063000
-0.728000
-0.481000
-0.821000
-0.824000
-1.081000
-0.544000
-0.361000
-0.858000
-0.414000
-0.729000
-0.710000
-0.767000
-1.158000
-0.749000
-1.001000
-0.998000
-0.553000
-0.440000
-0.553000
-0.650000
-0.675000
-0.783000
-0.800000
-0.710000
-0.982000
-0.694000
-0.799000
-0.836000
-0.666000
-0.769000
-0.724000
-0.759000
-1.022000
-0.995000
-1.102000
-0.608000
-0.822000
-0.901000
-0.556000
-0.629000
-1.007000
-0.591000
-0.801000
-0.598000
0.040000
0.325000
0.037000
-0.333000
0.137000
-0.053000
0.174000
-0.042000
