38.849000 0.500000 -11.919000
42.307000 0.500000 -6.919000
45.170000 0.500000 -1.919000
47.553000 0.500000 3.081000
57.928000 0.500000 -11.919000
60.691000 0.500000 -6.919000
63.206000 0.500000 -1.919000
65.523000 0.500000 3.081000
67.641000 0.500000 8.081000
71.182000 0.500000 13.081000
83.178000 0.500000 -11.919000
86.339000 0.500000 -6.919000
88.324000 0.500000 -1.919000
90.161000 0.500000 3.081000
92.593000 0.500000 8.081000
95.307000 0.500000 13.081000
105.169000 0.500000 -11.919000
107.088000 0.500000 -6.919000
109.852000 0.500000 -1.919000
112.019000 0.500000 3.081000
119.730000 0.500000 -11.919000
123.023000 0.500000 -6.919000
124.810000 0.500000 -1.919000
128.020000 0.500000 3.081000
131.131000 0.500000 8.081000
137.286000 0.500000 -11.919000
139.040000 0.500000 -6.919000
141.241000 0.500000 -1.919000
143.541000 0.500000 3.081000
153.221000 0.500000 -11.919000
154.992000 0.500000 -6.919000
201.224000 0.500000 -11.919000
205.013000 0.500000 -6.919000
207.859000 0.500000 -1.919000
210.258000 0.500000 3.081000
212.012000 0.500000 8.081000
223.959000 0.500000 -11.919000
226.689000 0.500000 -6.919000
229.386000 0.500000 -1.919000
231.091000 0.500000 3.081000
233.308000 0.500000 8.081000
236.733000 0.500000 13.081000
238.636000 0.500000 18.081000
293.175000 0.500000 -11.919000
296.219000 0.500000 -6.919000
298.718000 0.500000 -1.919000
302.044000 0.500000 3.081000
305.585000 0.500000 8.081000
309.142000 0.500000 13.081000
319.302000 0.500000 -11.919000
322.512000 0.500000 -6.919000
324.514000 0.500000 -1.919000
327.212000 0.500000 3.081000
329.181000 0.500000 8.081000
331.795000 0.500000 13.081000
333.433000 0.500000 18.081000
342.815000 0.500000 -11.919000
345.397000 0.500000 -6.919000
347.134000 0.500000 -1.919000
348.888000 0.500000 3.081000
351.188000 0.500000 8.081000
354.299000 0.500000 13.081000
356.996000 0.500000 18.081000
390.404000 0.500000 -11.919000
393.482000 0.500000 -6.919000
395.831000 0.500000 -1.919000
398.578000 0.500000 3.081000
400.249000 0.500000 8.081000
402.516000 0.500000 13.081000
404.965000 0.500000 18.081000
413.504000 0.500000 -11.919000
415.241000 0.500000 -6.919000
416.631000 0.500000 -1.919000
419.891000 0.500000 3.081000
466.371000 0.500000 -11.919000
469.895000 0.500000 -6.919000
473.089000 0.500000 -1.919000
475.521000 0.500000 3.081000
477.590000 0.500000 8.081000
489.503000 0.500000 -11.919000
492.085000 0.500000 -6.919000
495.560000 0.500000 -1.919000
497.512000 0.500000 3.081000
499.448000 0.500000 8.081000
502.195000 0.500000 13.081000
505.587000 0.500000 18.081000
