2.032000 0.500000 1.000000
5.524000 0.500000 1.000000
9.760000 0.500000 1.000000
13.317000 0.500000 1.000000
15.601000 0.500000 1.000000
17.619000 0.500000 1.000000
19.721000 0.500000 1.000000
21.392000 0.500000 1.000000
23.245000 0.500000 1.000000
25.148000 0.500000 1.000000
27.018000 0.500000 1.000000
164.572000 0.500000 1.000000
167.104000 0.500000 1.000000
169.007000 0.500000 1.000000
170.678000 0.500000 1.000000
173.425000 0.500000 1.000000
174.947000 0.500000 1.000000
178.273000 0.500000 1.000000
181.384000 0.500000 1.000000
184.693000 0.500000 1.000000
186.977000 0.500000 1.000000
248.283000 0.500000 1.000000
251.344000 0.500000 1.000000
254.521000 0.500000 1.000000
257.069000 0.500000 1.000000
259.419000 0.500000 1.000000
262.662000 0.500000 1.000000
264.946000 0.500000 1.000000
270.985000 0.500000 1.000000
274.162000 0.500000 1.000000
276.015000 0.500000 1.000000
279.093000 0.500000 1.000000
286.142000 0.500000 1.000000
366.659000 0.500000 1.000000
369.406000 0.500000 1.000000
371.392000 0.500000 1.000000
373.543000 0.500000 1.000000
376.918000 0.500000 1.000000
379.483000 0.500000 1.000000
382.346000 0.500000 1.000000
384.712000 0.500000 1.000000
426.807000 0.500000 1.000000
428.710000 0.500000 1.000000
431.292000 0.500000 1.000000
445.191000 0.500000 1.000000
448.070000 0.500000 1.000000
450.271000 0.500000 1.000000
453.448000 0.500000 1.000000
455.649000 0.500000 1.000000
457.684000 0.500000 1.000000
