0.000000
1.133000
1.115000
1.077000
1.197000
1.069000
1.067000
1.112000
0.999000
0.984000
1.000000
1.004000
1.034000
1.040000
1.014000
1.044000
1.046000
1.113000
1.100000
1.050000
0.913000
1.078000
1.120000
1.115000
1.051000
1.117000
1.118000
1.171000
1.177000
1.174000
1.155000
1.128000
1.115000
1.211000
1.169000
1.092000
1.055000
1.076000
1.108000
1.087000
1.077000
1.055000
1.055000
0.986000
1.094000
1.030000
1.095000
1.105000
1.070000
1.059000
0.977000
0.995000
1.019000
1.265000
1.479000
1.205000
0.987000
1.063000
1.014000
1.106000
1.136000
1.089000
1.040000
1.112000
1.151000
1.080000
1.121000
1.126000
1.099000
1.103000
1.104000
1.049000
1.074000
1.114000
1.080000
1.088000
1.056000
1.026000
1.086000
1.039000
1.103000
1.127000
1.011000
1.133000
1.039000
1.037000
1.153000
1.073000
1.043000
1.058000
1.053000
1.093000
1.085000
1.100000
1.164000
1.163000
1.082000
1.081000
1.120000
1.069000
1.081000
1.041000
1.005000
1.124000
1.080000
1.052000
1.064000
1.145000
1.099000
1.177000
1.217000
1.179000
1.113000
1.017000
1.042000
1.110000
1.091000
1.052000
1.028000
1.050000
1.056000
1.126000
1.070000
1.091000
1.160000
1.105000
1.062000
1.040000
1.091000
1.042000
1.016000
1.134000
1.106000
1.075000
1.059000
1.040000
1.027000
1.031000
1.106000
1.056000
1.036000
1.011000
1.064000
1.058000
1.075000
1.100000
0.973000
0.982000
1.001000
0.985000
1.103000
1.075000
1.101000
0.981000
0.983000
1.063000
1.043000
1.042000
1.008000
1.023000
1.022000
1.085000
1.033000
0.970000
0.988000
1.077000
1.032000
1.024000
0.916000
1.008000
1.064000
1.084000
0.954000
1.003000
0.988000
0.982000
1.213000
1.577000
1.320000
1.012000
1.007000
1.036000
1.278000
1.282000
1.127000
1.069000
1.047000
1.061000
1.090000
1.078000
1.058000
1.060000
1.102000
1.077000
0.983000
1.026000
1.041000
1.095000
1.040000
0.953000
0.976000
0.975000
1.049000
1.131000
1.009000
0.974000
0.979000
1.026000
1.104000
1.029000
0.953000
1.062000
1.043000
1.016000
1.048000
1.069000
1.063000
1.080000
1.071000
1.123000
1.060000
1.029000
0.995000
1.126000
1.162000
1.243000
1.180000
1.083000
1.056000
1.155000
1.132000
0.975000
1.061000
1.123000
1.115000
1.107000
1.050000
1.029000
1.056000
1.078000
1.059000
1.075000
1.034000
1.070000
1.084000
1.151000
1.148000
1.023000
1.090000
1.108000
1.083000
1.058000
1.011000
1.031000
1.098000
1.135000
1.148000
1.025000
1.056000
1.129000
1.084000
1.080000
1.031000
1.049000
0.969000
0.995000
0.963000
1.048000
0.938000
0.987000
0.989000
0.931000
0.938000
1.005000
1.038000
1.003000
0.987000
1.022000
1.134000
1.039000
0.968000
1.000000
1.127000
1.038000
1.047000
1.070000
1.122000
1.039000
1.131000
1.079000
1.092000
