0.000000
21.017000
20.674000
19.979000
22.208000
19.835000
19.786000
20.619000
18.536000
18.244000
18.557000
18.628000
19.176000
19.285000
18.812000
19.365000
19.395000
20.654000
20.409000
19.482000
16.933000
19.995000
20.768000
20.691000
19.492000
20.724000
20.747000
21.716000
21.835000
21.787000
21.419000
20.931000
20.679000
22.467000
21.683000
20.265000
19.567000
19.951000
20.558000
20.164000
19.973000
19.566000
19.579000
18.295000
20.295000
19.105000
20.306000
20.493000
19.851000
19.649000
18.123000
18.452000
18.912000
23.458000
27.428000
22.355000
18.310000
19.725000
18.815000
20.517000
21.066000
20.197000
19.287000
20.633000
21.355000
20.027000
20.797000
20.892000
20.394000
20.453000
20.472000
19.457000
19.918000
20.671000
20.036000
20.182000
19.587000
19.034000
20.150000
19.272000
20.469000
20.912000
18.750000
21.019000
19.271000
19.240000
21.384000
19.903000
19.339000
19.618000
19.542000
20.278000
20.120000
20.405000
21.591000
21.581000
20.077000
20.055000
20.777000
19.829000
20.056000
19.308000
18.637000
20.855000
20.041000
19.519000
19.731000
21.239000
20.389000
21.831000
22.579000
21.866000
20.655000
18.867000
19.329000
20.584000
20.246000
19.514000
19.074000
19.485000
19.590000
20.881000
19.848000
20.240000
21.523000
20.506000
19.709000
19.284000
20.234000
19.329000
18.845000
21.027000
20.512000
19.938000
19.639000
19.283000
19.055000
19.133000
20.516000
19.580000
19.212000
18.747000
19.730000
19.620000
19.940000
20.402000
18.050000
18.217000
18.574000
18.265000
20.457000
19.938000
20.419000
18.205000
18.242000
19.719000
19.344000
19.326000
18.692000
18.976000
18.965000
20.119000
19.161000
18.000000
18.330000
19.978000
19.137000
18.994000
16.990000
18.699000
19.732000
20.105000
17.698000
18.600000
18.326000
18.208000
22.495000
29.248000
24.495000
18.773000
18.682000
19.222000
23.703000
23.776000
20.899000
19.821000
19.429000
19.676000
20.218000
20.002000
19.620000
19.664000
20.451000
19.981000
18.229000
19.034000
19.304000
20.318000
19.283000
17.684000
18.113000
18.085000
19.460000
20.980000
18.719000
18.068000
18.165000
19.037000
20.481000
19.087000
17.670000
19.701000
19.340000
18.844000
19.433000
19.823000
19.713000
20.040000
19.859000
20.825000
19.655000
19.088000
18.448000
20.881000
21.561000
23.060000
21.880000
20.091000
19.587000
21.434000
20.998000
18.077000
19.686000
20.831000
20.692000
20.527000
19.485000
19.083000
19.595000
19.991000
19.642000
19.933000
19.176000
19.855000
20.100000
21.355000
21.291000
18.971000
20.228000
20.550000
20.090000
19.632000
18.758000
19.134000
20.376000
21.047000
21.302000
19.011000
19.584000
20.947000
20.103000
20.030000
19.126000
19.452000
17.970000
18.457000
17.864000
19.443000
17.402000
18.302000
18.343000
17.272000
17.396000
18.647000
19.263000
18.597000
18.310000
18.956000
21.033000
19.268000
17.957000
18.541000
20.906000
19.261000
19.424000
19.850000
20.805000
19.269000
20.982000
20.019000
20.249000
