0.000000
1.098000
1.034000
1.022000
1.074000
1.016000
0.998000
1.020000
0.962000
0.973000
0.976000
0.988000
0.990000
0.966000
0.961000
0.985000
0.991000
0.970000
0.981000
0.962000
0.911000
0.992000
1.054000
1.052000
0.990000
0.993000
1.009000
1.019000
1.017000
1.044000
1.062000
1.047000
1.034000
1.054000
1.054000
1.003000
0.958000
0.984000
0.997000
0.966000
0.970000
0.967000
0.954000
0.950000
0.984000
0.951000
0.955000
0.987000
1.003000
0.981000
0.933000
0.959000
0.953000
1.165000
1.285000
1.130000
0.969000
0.947000
0.966000
1.015000
1.023000
1.008000
0.976000
0.980000
0.977000
0.989000
0.991000
0.996000
1.031000
0.993000
0.956000
0.969000
0.971000
1.004000
0.991000
0.995000
0.981000
0.949000
0.974000
0.964000
0.985000
0.994000
0.942000
0.985000
0.927000
0.952000
1.005000
0.978000
0.990000
0.972000
0.984000
0.988000
0.982000
0.999000
0.981000
1.007000
0.979000
0.960000
0.989000
0.983000
1.000000
0.957000
0.953000
1.018000
0.990000
0.976000
0.961000
0.997000
0.995000
1.019000
1.066000
1.030000
0.957000
0.937000
0.954000
0.963000
0.952000
0.954000
0.960000
0.992000
0.973000
0.981000
0.972000
0.986000
1.003000
0.967000
0.940000
0.903000
0.959000
0.949000
0.931000
0.985000
0.956000
0.971000
0.967000
0.930000
0.940000
0.978000
1.001000
0.982000
0.970000
0.951000
0.955000
0.962000
0.957000
0.982000
0.925000
0.947000
0.965000
0.947000
0.991000
0.985000
0.975000
0.944000
0.945000
0.952000
0.952000
0.975000
0.960000
0.963000
0.976000
0.961000
0.965000
0.925000
0.951000
0.961000
0.941000
0.920000
0.884000
0.896000
0.964000
0.983000
0.944000
0.931000
0.908000
0.916000
1.103000
1.325000
1.179000
0.964000
0.932000
0.981000
1.094000
1.105000
1.037000
1.000000
0.966000
0.960000
0.949000
0.977000
1.000000
1.004000
0.953000
0.956000
0.939000
0.926000
0.963000
0.980000
0.948000
0.898000
0.945000
0.926000
0.994000
0.985000
0.934000
0.930000
0.935000
0.951000
0.966000
0.971000
0.947000
0.982000
0.974000
0.929000
0.961000
0.988000
0.951000
0.957000
0.989000
0.991000
0.991000
0.987000
0.947000
0.969000
1.009000
1.094000
1.024000
0.969000
0.973000
1.012000
1.006000
0.932000
0.993000
1.007000
1.012000
0.994000
0.968000
0.968000
0.974000
0.959000
0.963000
0.970000
0.957000
0.954000
0.986000
0.994000
1.003000
0.966000
1.009000
0.995000
0.959000
0.960000
0.950000
0.967000
1.013000
0.996000
1.022000
0.979000
0.994000
1.043000
0.971000
0.953000
0.949000
0.947000
0.933000
0.932000
0.924000
0.933000
0.911000
0.917000
0.948000
0.912000
0.919000
0.935000
0.941000
0.940000
0.943000
0.956000
0.984000
0.975000
0.925000
0.933000
0.959000
0.956000
0.980000
0.995000
0.997000
0.980000
1.045000
1.017000
0.973000
