0.006000
0.000000
0.007000
-0.000000
-0.013000
-0.016000
0.008000
-0.003000
-0.015000
-0.012000
0.003000
-0.010000
0.001000
0.008000
0.001000
0.001000
0.001000
0.009000
0.003000
0.001000
-0.002000
0.001000
0.001000
0.001000
0.001000
0.001000
0.018000
0.013000
0.027000
0.035000
0.035000
0.049000
0.044000
0.036000
0.045000
0.062000
0.062000
0.078000
0.078000
0.070000
0.061000
0.061000
0.070000
0.071000
0.076000
0.077000
0.071000
0.067000
0.067000
0.067000
0.061000
0.074000
0.074000
0.066000
0.035000
0.055000
0.064000
0.067000
0.076000
0.078000
0.077000
0.082000
0.094000
0.094000
0.096000
0.094000
0.094000
0.094000
0.094000
0.094000
0.094000
0.094000
0.094000
0.090000
0.094000
0.111000
0.109000
0.103000
0.105000
0.101000
0.094000
0.107000
0.107000
0.107000
0.103000
0.094000
0.116000
0.117000
0.112000
0.106000
0.112000
0.112000
0.119000
0.117000
0.112000
0.114000
0.112000
0.107000
0.103000
0.106000
0.108000
0.099000
0.091000
0.091000
0.096000
0.100000
0.108000
0.109000
0.118000
0.118000
0.108000
0.111000
0.118000
0.118000
0.118000
0.104000
0.100000
0.100000
0.108000
0.113000
0.109000
0.100000
0.100000
0.107000
0.106000
0.111000
0.118000
0.112000
0.100000
0.116000
0.104000
0.100000
0.093000
0.100000
0.088000
0.092000
0.100000
0.100000
0.100000
0.080000
0.077000
0.077000
0.073000
0.073000
0.083000
0.073000
0.073000
0.073000
0.059000
0.085000
0.091000
0.091000
0.105000
0.106000
0.116000
0.116000
0.116000
0.104000
0.107000
0.116000
0.118000
0.122000
0.121000
0.123000
0.123000
0.116000
0.133000
0.128000
0.123000
0.109000
0.124000
0.130000
0.137000
0.124000
0.128000
0.116000
0.132000
0.151000
0.129000
0.145000
0.151000
0.147000
0.139000
0.151000
0.155000
0.163000
0.162000
0.151000
0.151000
0.159000
0.151000
0.151000
0.151000
0.151000
0.151000
0.151000
0.151000
0.151000
0.151000
0.143000
0.130000
0.123000
0.129000
0.139000
0.142000
0.142000
0.148000
0.142000
0.143000
0.156000
0.157000
0.177000
0.171000
0.167000
0.168000
0.163000
0.168000
0.162000
0.164000
0.159000
0.159000
0.159000
0.159000
0.159000
0.159000
0.159000
0.159000
0.159000
0.159000
0.159000
0.159000
0.155000
0.148000
0.148000
0.154000
0.159000
0.159000
0.159000
0.150000
0.159000
0.140000
0.152000
0.165000
0.166000
0.166000
0.159000
0.159000
0.159000
0.166000
0.159000
0.159000
0.159000
0.154000
0.153000
0.159000
0.159000
0.153000
0.159000
0.152000
0.159000
0.156000
0.159000
0.159000
0.145000
0.142000
0.146000
0.151000
0.153000
0.159000
0.152000
0.159000
0.159000
0.159000
0.159000
0.159000
0.159000
0.159000
0.159000
0.159000
0.159000
0.156000
0.159000
0.154000
0.142000
0.159000
0.137000
0.151000
0.142000
0.142000
0.141000
0.160000
