12.608000 0.615000 1.000000
43.021000 0.491000 1.000000
57.814000 1.087000 1.000000
65.227000 0.617000 1.000000
71.614000 0.518000 1.000000
87.417000 0.590000 1.000000
98.007000 0.437000 1.000000
144.222000 0.577000 1.000000
197.817000 0.807000 1.000000
249.212000 0.533000 1.000000
258.611000 0.394000 1.000000
274.413000 0.499000 1.000000
289.007000 0.561000 1.000000
292.217000 0.479000 1.000000
305.819000 0.562000 1.000000
317.418000 0.533000 1.000000
369.806000 0.546000 1.000000
388.619000 0.564000 1.000000
