0.000000
1.077000
1.137000
1.193000
1.198000
1.132000
0.987000
1.104000
1.279000
1.187000
1.057000
0.996000
0.997000
1.114000
1.053000
0.996000
1.099000
1.062000
1.092000
1.136000
1.031000
1.093000
1.292000
1.343000
0.977000
0.977000
0.938000
0.948000
1.076000
0.993000
0.902000
1.049000
1.040000
0.996000
1.082000
1.020000
1.007000
1.028000
1.043000
1.128000
0.965000
0.878000
0.909000
0.935000
1.012000
1.023000
0.960000
0.986000
0.995000
0.970000
1.488000
1.612000
1.102000
1.106000
0.956000
0.943000
0.946000
0.966000
0.986000
0.936000
0.964000
1.034000
1.087000
1.112000
0.898000
0.859000
0.865000
0.991000
1.012000
0.945000
1.022000
0.996000
0.948000
0.905000
1.010000
1.108000
1.147000
0.969000
0.991000
0.990000
1.003000
0.943000
0.898000
0.970000
1.082000
1.046000
0.943000
0.993000
1.024000
0.985000
1.025000
1.010000
0.975000
1.118000
1.110000
1.946000
1.781000
1.091000
0.944000
0.882000
1.917000
1.341000
0.896000
0.877000
0.953000
0.983000
0.951000
0.989000
0.923000
0.879000
0.869000
0.918000
1.017000
0.975000
0.960000
0.992000
0.903000
0.891000
0.953000
0.905000
1.063000
1.269000
1.131000
0.971000
0.963000
0.924000
0.988000
0.930000
0.869000
0.929000
0.980000
0.950000
0.838000
0.900000
0.944000
0.985000
0.960000
1.078000
1.150000
0.971000
1.114000
1.000000
1.454000
1.408000
1.161000
1.011000
0.944000
1.005000
1.076000
1.018000
1.047000
1.061000
1.077000
1.059000
0.999000
1.025000
1.019000
0.956000
0.954000
0.925000
1.079000
1.161000
1.025000
1.054000
1.078000
1.087000
1.006000
0.926000
0.979000
1.003000
0.995000
0.994000
1.033000
1.031000
1.105000
1.103000
0.986000
0.950000
0.994000
1.052000
1.032000
1.333000
1.343000
1.065000
1.241000
0.911000
0.890000
0.916000
1.052000
1.092000
1.002000
1.057000
0.975000
1.023000
0.986000
1.076000
1.236000
1.056000
0.981000
0.940000
0.969000
1.031000
0.994000
0.983000
1.095000
1.484000
1.418000
2.396000
