0.000000
19.470000
20.552000
21.554000
21.655000
20.460000
17.835000
19.959000
23.105000
21.452000
19.104000
17.998000
18.025000
20.137000
19.033000
17.997000
19.856000
19.189000
19.741000
20.522000
18.625000
19.744000
23.343000
24.275000
17.651000
17.661000
16.949000
17.137000
19.452000
17.951000
16.301000
18.965000
18.791000
18.000000
19.550000
18.429000
18.195000
18.574000
18.854000
20.389000
17.438000
15.861000
16.425000
16.904000
18.289000
18.481000
17.352000
17.815000
17.974000
17.524000
26.891000
29.136000
19.914000
19.989000
17.280000
17.033000
17.089000
17.464000
17.825000
16.919000
17.427000
18.681000
19.643000
20.092000
16.225000
15.519000
15.632000
17.910000
18.281000
17.075000
18.476000
17.998000
17.123000
16.356000
18.255000
20.018000
20.725000
17.502000
17.905000
17.898000
18.122000
17.036000
16.232000
17.536000
19.555000
18.898000
17.035000
17.941000
18.497000
17.792000
18.531000
18.260000
17.624000
20.209000
20.052000
35.162000
32.182000
19.717000
17.052000
15.933000
34.646000
24.233000
16.197000
15.846000
17.216000
17.762000
17.190000
17.867000
16.678000
15.889000
15.695000
16.584000
18.371000
17.616000
17.347000
17.920000
16.310000
16.105000
17.217000
16.359000
19.213000
22.924000
20.441000
17.545000
17.406000
16.698000
17.859000
16.808000
15.700000
16.788000
17.703000
17.165000
15.145000
16.270000
17.068000
17.792000
17.346000
19.483000
20.779000
17.546000
20.129000
18.064000
26.268000
25.440000
20.986000
18.264000
17.067000
18.155000
19.445000
18.405000
18.929000
19.174000
19.471000
19.132000
18.054000
18.520000
18.406000
17.274000
17.246000
16.713000
19.499000
20.973000
18.522000
19.054000
19.474000
19.649000
18.178000
16.740000
17.695000
18.127000
17.989000
17.954000
18.666000
18.630000
19.960000
19.924000
17.816000
17.168000
17.959000
19.018000
18.648000
24.096000
24.274000
19.250000
22.422000
16.462000
16.088000
16.559000
19.009000
19.738000
18.110000
19.103000
17.625000
18.493000
17.826000
19.446000
22.332000
19.079000
17.728000
16.985000
17.515000
18.637000
17.965000
17.756000
19.794000
26.815000
25.624000
43.300000
