0.000000
0.998000
1.086000
1.094000
1.048000
1.032000
0.941000
0.968000
1.055000
1.056000
0.988000
0.937000
0.971000
1.050000
0.973000
0.948000
0.990000
0.990000
1.024000
1.058000
0.967000
1.009000
1.192000
1.217000
0.950000
0.959000
0.923000
0.931000
1.007000
0.932000
0.887000
0.959000
0.980000
0.925000
0.998000
0.976000
0.963000
0.984000
0.990000
1.007000
0.937000
0.885000
0.905000
0.926000
0.936000
0.935000
0.935000
0.943000
0.934000
0.919000
1.348000
1.412000
0.986000
0.968000
0.949000
0.923000
0.916000
0.930000
0.953000
0.928000
0.937000
0.977000
0.988000
1.024000
0.909000
0.879000
0.880000
0.957000
0.948000
0.909000
0.947000
0.958000
0.937000
0.902000
0.944000
1.027000
0.977000
0.935000
0.912000
0.945000
0.972000
0.938000
0.893000
0.932000
0.967000
0.956000
0.925000
0.952000
0.950000
0.944000
0.964000
0.957000
0.949000
1.040000
1.059000
1.711000
1.599000
1.016000
0.929000
0.900000
1.692000
1.256000
0.896000
0.897000
0.937000
0.950000
0.932000
0.964000
0.918000
0.895000
0.882000
0.909000
0.948000
0.941000
0.940000
0.925000
0.912000
0.896000
0.943000
0.925000
0.984000
1.141000
1.073000
0.942000
0.934000
0.912000
0.940000
0.912000
0.897000
0.924000
0.964000
0.946000
0.867000
0.906000
0.938000
0.927000
0.924000
0.983000
0.978000
0.935000
0.962000
0.967000
1.286000
1.236000
1.028000
0.953000
0.928000
0.957000
0.993000
0.975000
0.987000
1.005000
0.983000
0.983000
0.942000
0.949000
0.966000
0.918000
0.920000
0.901000
0.992000
1.027000
0.984000
0.983000
1.004000
0.996000
0.956000
0.929000
0.928000
0.951000
0.949000
0.951000
0.983000
0.990000
0.985000
0.991000
0.937000
0.923000
0.948000
0.956000
0.959000
1.197000
1.195000
0.967000
0.963000
0.903000
0.884000
0.898000
0.996000
1.015000
0.941000
1.003000
0.956000
0.947000
0.936000
1.022000
1.100000
0.986000
0.924000
0.924000
0.943000
0.964000
0.940000
0.939000
1.035000
1.317000
1.335000
2.049000
