0.000000
0.091000
0.060000
0.118000
0.075000
0.029000
0.080000
0.149000
0.117000
0.118000
0.062000
0.092000
0.093000
0.041000
0.061000
0.058000
0.070000
0.070000
0.123000
0.188000
0.138000
0.079000
0.175000
0.354000
0.138000
0.081000
0.093000
0.044000
0.067000
0.093000
0.077000
0.048000
0.084000
0.066000
0.065000
0.062000
0.064000
0.096000
0.071000
0.096000
0.059000
0.042000
0.026000
0.075000
0.051000
0.037000
0.024000
0.064000
0.070000
0.054000
0.400000
0.321000
0.156000
0.032000
0.043000
0.029000
0.030000
0.066000
0.077000
0.086000
0.027000
0.064000
0.151000
0.123000
0.026000
0.077000
0.075000
0.013000
0.115000
0.086000
0.073000
0.096000
0.068000
0.047000
0.032000
0.144000
0.055000
0.112000
0.026000
0.028000
0.029000
0.052000
0.043000
0.039000
0.081000
0.124000
0.144000
0.133000
0.108000
0.062000
0.054000
0.080000
0.091000
0.145000
0.089000
0.497000
0.450000
0.132000
0.032000
0.121000
0.657000
0.091000
0.121000
0.159000
0.208000
0.079000
0.092000
0.082000
0.062000
0.062000
0.032000
0.086000
0.077000
0.090000
0.103000
0.069000
0.095000
0.093000
0.058000
0.095000
0.141000
0.264000
0.247000
0.098000
0.098000
0.087000
0.083000
0.065000
0.061000
0.040000
0.055000
0.163000
0.083000
0.096000
0.060000
0.058000
0.068000
0.067000
0.031000
0.105000
0.148000
0.130000
0.502000
0.109000
0.207000
0.103000
0.164000
0.062000
0.070000
0.081000
0.046000
0.086000
0.116000
0.064000
0.030000
0.016000
0.073000
0.048000
0.104000
0.082000
0.128000
0.118000
0.053000
0.124000
0.078000
0.048000
0.092000
0.063000
0.044000
0.062000
0.058000
0.033000
0.083000
0.088000
0.107000
0.039000
0.050000
0.051000
0.102000
0.133000
0.057000
0.208000
0.132000
0.109000
0.053000
0.109000
0.086000
0.072000
0.065000
0.048000
0.031000
0.112000
0.101000
0.045000
0.077000
0.206000
0.119000
0.175000
0.055000
0.092000
0.055000
0.072000
0.054000
0.105000
0.228000
0.120000
0.691000
0.660000
