0.053000
0.064000
0.060000
0.054000
0.049000
0.042000
0.049000
0.027000
0.019000
0.021000
0.026000
0.034000
0.030000
0.023000
0.012000
0.012000
0.012000
-0.001000
-0.010000
0.012000
-0.004000
-0.012000
-0.017000
-0.075000
-0.046000
-0.029000
-0.030000
-0.046000
-0.065000
-0.065000
-0.080000
-0.080000
-0.054000
-0.080000
-0.053000
-0.060000
-0.059000
-0.046000
-0.047000
-0.037000
-0.025000
-0.022000
-0.018000
-0.034000
-0.023000
-0.023000
-0.034000
-0.033000
-0.018000
-0.012000
0.009000
-0.028000
-0.006000
0.005000
0.005000
0.005000
0.005000
-0.003000
-0.002000
0.005000
-0.003000
0.018000
0.005000
0.001000
-0.002000
0.005000
0.018000
0.022000
-0.006000
0.002000
0.012000
0.026000
0.008000
0.027000
0.019000
0.003000
-0.003000
0.003000
0.010000
0.007000
0.003000
0.003000
0.003000
0.008000
0.010000
0.003000
0.003000
0.003000
0.003000
-0.002000
0.003000
0.003000
0.003000
-0.004000
-0.031000
-0.079000
-0.137000
-0.133000
-0.138000
-0.123000
-0.085000
-0.096000
-0.075000
-0.096000
-0.058000
-0.077000
-0.078000
-0.060000
-0.040000
-0.035000
-0.039000
-0.034000
-0.033000
-0.040000
-0.047000
-0.035000
-0.031000
-0.046000
-0.029000
-0.022000
-0.046000
-0.036000
-0.003000
-0.004000
0.010000
-0.007000
0.012000
-0.007000
0.010000
0.021000
0.026000
0.015000
0.019000
0.045000
0.045000
0.055000
0.045000
0.045000
0.045000
0.060000
0.028000
0.039000
0.029000
0.010000
0.020000
0.029000
0.036000
0.033000
0.049000
0.029000
0.034000
0.046000
0.050000
0.050000
0.050000
0.060000
0.065000
0.068000
0.056000
0.068000
0.055000
0.068000
0.068000
0.081000
0.081000
0.086000
0.101000
0.114000
0.101000
0.116000
0.102000
0.113000
0.113000
0.132000
0.114000
0.133000
0.123000
0.133000
0.132000
0.148000
0.149000
0.190000
0.184000
0.184000
0.167000
0.163000
0.177000
0.171000
0.167000
0.169000
0.158000
0.195000
0.184000
0.184000
0.184000
0.217000
0.202000
0.193000
0.195000
0.191000
0.187000
0.207000
0.219000
0.233000
0.232000
0.255000
0.163000
0.035000
