0.029000
0.059000
0.055000
0.024000
0.035000
0.036000
0.063000
0.044000
0.035000
0.041000
0.020000
0.041000
0.023000
0.019000
-0.001000
0.024000
0.026000
0.018000
-0.022000
0.018000
-0.021000
0.004000
0.014000
-0.041000
-0.019000
-0.038000
-0.022000
-0.039000
-0.052000
-0.019000
-0.040000
-0.033000
-0.050000
-0.036000
-0.035000
-0.022000
-0.029000
-0.065000
-0.052000
-0.075000
-0.082000
-0.089000
-0.091000
-0.072000
-0.086000
-0.069000
-0.067000
-0.088000
-0.091000
-0.078000
-0.192000
-0.152000
-0.096000
-0.095000
-0.088000
-0.091000
-0.106000
-0.123000
-0.139000
-0.114000
-0.121000
-0.103000
-0.124000
-0.111000
-0.107000
-0.129000
-0.135000
-0.135000
-0.188000
-0.175000
-0.141000
-0.164000
-0.151000
-0.164000
-0.154000
-0.180000
-0.203000
-0.155000
-0.163000
-0.171000
-0.182000
-0.148000
-0.181000
-0.169000
-0.148000
-0.169000
-0.134000
-0.168000
-0.141000
-0.150000
-0.124000
-0.151000
-0.132000
-0.185000
-0.170000
-0.237000
-0.199000
-0.185000
-0.185000
-0.185000
-0.065000
-0.084000
-0.091000
-0.119000
-0.066000
-0.095000
-0.107000
-0.107000
-0.111000
-0.090000
-0.108000
-0.093000
-0.117000
-0.089000
-0.130000
-0.113000
-0.140000
-0.126000
-0.137000
-0.092000
-0.131000
-0.220000
-0.138000
-0.181000
-0.155000
-0.166000
-0.152000
-0.163000
-0.177000
-0.156000
-0.138000
-0.207000
-0.182000
-0.182000
-0.182000
-0.170000
-0.186000
-0.168000
-0.180000
-0.166000
-0.207000
-0.163000
-0.301000
-0.322000
-0.250000
-0.268000
-0.225000
-0.245000
-0.229000
-0.266000
-0.246000
-0.211000
-0.209000
-0.225000
-0.234000
-0.234000
-0.198000
-0.202000
-0.234000
-0.221000
-0.248000
-0.234000
-0.234000
-0.205000
-0.215000
-0.217000
-0.247000
-0.212000
-0.229000
-0.207000
-0.218000
-0.228000
-0.202000
-0.224000
-0.214000
-0.207000
-0.183000
-0.196000
-0.179000
-0.219000
-0.196000
-0.242000
-0.264000
-0.216000
-0.217000
-0.195000
-0.217000
-0.217000
-0.217000
-0.214000
-0.212000
-0.181000
-0.217000
-0.200000
-0.186000
-0.207000
-0.265000
-0.236000
-0.199000
-0.208000
-0.202000
-0.201000
-0.219000
-0.201000
-0.202000
-0.202000
-0.249000
-0.355000
