0.016000 1.267000 1.000000
4.219000 0.478000 1.000000
31.422000 0.478000 1.000000
61.024000 0.560000 1.000000
105.419000 0.350000 1.000000
119.021000 0.325000 1.000000
126.418000 0.561000 1.000000
152.611000 0.395000 1.000000
163.019000 0.311000 1.000000
201.011000 0.408000 1.000000
205.214000 0.380000 1.000000
216.813000 0.534000 1.000000
225.219000 0.517000 1.000000
253.415000 0.381000 1.000000
321.605000 0.309000 1.000000
334.213000 0.409000 1.000000
365.619000 0.310000 1.000000
374.009000 0.297000 1.000000
