26.209000 1.000000 1.000000
34.615000 1.000000 1.000000
82.022000 1.000000 1.000000
86.225000 1.000000 1.000000
100.803000 1.000000 1.000000
109.225000 1.000000 1.000000
144.818000 1.000000 1.000000
165.816000 1.000000 1.000000
229.620000 1.000000 1.000000
232.814000 1.000000 1.000000
254.821000 1.000000 1.000000
269.614000 1.000000 1.000000
281.214000 1.000000 1.000000
299.018000 1.000000 1.000000
320.016000 1.000000 1.000000
336.811000 1.000000 1.000000
368.416000 1.000000 1.000000
374.819000 1.000000 1.000000
