0.032000 0.643000 1.000000
8.422000 1.205000 1.000000
51.609000 0.365000 1.000000
61.008000 0.363000 1.000000
113.412000 0.408000 1.000000
189.825000 0.457000 1.000000
194.012000 0.529000 1.000000
216.019000 0.378000 1.000000
236.007000 0.501000 1.000000
265.411000 0.391000 1.000000
273.817000 0.363000 1.000000
289.619000 0.374000 1.000000
303.221000 0.377000 1.000000
327.412000 0.403000 1.000000
331.615000 0.433000 1.000000
351.621000 0.459000 1.000000
381.206000 0.488000 1.000000
397.009000 0.405000 1.000000
