0.000000
0.701000
0.791000
0.728000
0.787000
0.734000
1.161000
1.213000
1.445000
1.037000
0.875000
0.877000
1.044000
1.225000
1.339000
1.288000
1.439000
1.207000
1.883000
2.404000
1.535000
1.397000
1.218000
1.032000
0.985000
0.982000
0.899000
1.283000
1.116000
1.600000
2.054000
1.683000
1.419000
1.095000
1.275000
1.066000
1.039000
1.039000
0.861000
1.201000
1.238000
1.668000
1.802000
1.624000
1.251000
0.974000
0.819000
0.791000
0.755000
0.991000
1.033000
1.415000
1.416000
1.187000
1.067000
1.147000
1.211000
1.005000
1.959000
2.200000
1.343000
1.310000
1.367000
1.106000
2.598000
3.207000
1.566000
1.072000
0.929000
1.064000
0.935000
0.960000
1.071000
1.016000
0.911000
0.726000
0.991000
1.019000
0.968000
0.988000
0.859000
0.931000
1.115000
0.908000
1.025000
0.871000
0.942000
0.788000
0.931000
0.930000
1.360000
1.580000
0.896000
1.303000
1.371000
0.909000
1.175000
0.962000
0.871000
0.998000
1.247000
1.112000
0.813000
1.248000
1.403000
0.960000
0.926000
1.387000
1.535000
1.152000
1.132000
1.547000
1.648000
1.054000
0.974000
0.888000
1.104000
1.278000
0.872000
0.934000
0.985000
0.932000
0.987000
0.850000
1.125000
1.268000
1.760000
2.380000
1.942000
1.477000
0.933000
1.107000
1.316000
1.014000
0.943000
0.922000
0.933000
0.968000
1.368000
1.346000
1.348000
1.229000
1.074000
1.119000
1.282000
0.944000
1.047000
0.954000
0.920000
0.946000
0.745000
0.919000
0.793000
0.910000
0.875000
1.096000
1.170000
1.677000
1.518000
0.883000
0.859000
0.854000
0.951000
0.786000
0.849000
1.116000
1.028000
2.310000
2.846000
1.399000
1.152000
1.086000
0.873000
0.900000
0.979000
0.944000
0.927000
0.944000
1.057000
0.844000
0.861000
1.018000
1.054000
1.144000
1.165000
0.949000
1.032000
1.003000
0.902000
0.885000
0.942000
0.918000
0.997000
0.963000
0.843000
1.094000
1.035000
1.664000
1.918000
1.224000
1.372000
1.073000
0.930000
0.837000
0.786000
0.921000
1.664000
1.942000
