0.000000
24.924000
28.102000
25.879000
27.963000
26.091000
41.259000
43.123000
51.364000
36.858000
31.090000
31.186000
37.097000
43.532000
47.608000
45.799000
51.153000
42.897000
66.932000
85.453000
54.550000
49.664000
43.306000
36.682000
35.007000
34.921000
31.976000
45.625000
39.684000
56.868000
73.016000
59.838000
50.437000
38.931000
45.315000
37.891000
36.919000
36.950000
30.622000
42.707000
44.025000
59.294000
64.067000
57.734000
44.487000
34.608000
29.116000
28.105000
26.852000
35.237000
36.711000
50.295000
50.327000
42.179000
37.941000
40.785000
43.045000
35.715000
69.647000
78.223000
47.728000
46.582000
48.587000
39.321000
92.349000
113.990000
55.671000
38.091000
33.028000
37.815000
33.242000
34.124000
38.060000
36.125000
32.394000
25.796000
35.230000
36.227000
34.415000
35.113000
30.552000
33.100000
39.650000
32.281000
36.429000
30.949000
33.493000
28.018000
33.098000
33.051000
48.361000
56.150000
31.854000
46.326000
48.723000
32.311000
41.754000
34.186000
30.962000
35.482000
44.347000
39.535000
28.916000
44.352000
49.876000
34.133000
32.928000
49.315000
54.560000
40.963000
40.253000
55.004000
58.583000
37.483000
34.608000
31.566000
39.231000
45.428000
31.011000
33.206000
35.012000
33.137000
35.088000
30.209000
39.993000
45.063000
62.569000
84.591000
69.021000
52.497000
33.158000
39.355000
46.776000
36.039000
33.533000
32.770000
33.160000
34.419000
48.647000
47.858000
47.918000
43.698000
38.192000
39.781000
45.576000
33.569000
37.221000
33.899000
32.702000
33.644000
26.483000
32.653000
28.206000
32.340000
31.121000
38.970000
41.581000
59.601000
53.975000
31.391000
30.554000
30.370000
33.794000
27.957000
30.176000
39.673000
36.547000
82.106000
101.157000
49.734000
40.951000
38.617000
31.030000
31.983000
34.805000
33.565000
32.959000
33.567000
37.565000
30.020000
30.619000
36.186000
37.475000
40.659000
41.419000
33.750000
36.694000
35.670000
32.081000
31.469000
33.478000
32.636000
35.446000
34.242000
29.979000
38.908000
36.806000
59.169000
68.187000
43.525000
48.785000
38.127000
33.053000
29.761000
27.927000
32.752000
59.146000
69.027000
