0.000000
0.703000
0.746000
0.685000
0.724000
0.729000
1.087000
1.106000
1.165000
0.911000
0.815000
0.803000
0.919000
1.023000
1.078000
1.034000
1.118000
1.044000
1.879000
2.223000
1.282000
1.097000
1.020000
0.908000
0.854000
0.850000
0.813000
1.077000
0.983000
1.342000
1.687000
1.446000
1.170000
0.980000
1.101000
0.973000
0.891000
0.910000
0.807000
1.002000
1.023000
1.263000
1.499000
1.442000
1.047000
0.864000
0.766000
0.777000
0.749000
0.874000
0.905000
1.214000
1.285000
0.998000
0.939000
0.989000
0.991000
0.837000
1.682000
1.916000
1.116000
1.039000
1.074000
0.903000
2.277000
2.828000
1.353000
0.925000
0.832000
0.881000
0.802000
0.833000
0.884000
0.886000
0.838000
0.707000
0.824000
0.867000
0.860000
0.895000
0.780000
0.810000
0.924000
0.813000
0.869000
0.795000
0.843000
0.768000
0.830000
0.822000
1.161000
1.327000
0.824000
1.102000
1.208000
0.790000
0.951000
0.864000
0.824000
0.869000
1.024000
0.931000
0.756000
1.047000
1.233000
0.867000
0.813000
1.139000
1.221000
0.976000
0.952000
1.356000
1.495000
0.982000
0.871000
0.819000
0.940000
1.048000
0.793000
0.839000
0.856000
0.836000
0.877000
0.817000
0.962000
1.032000
1.417000
2.111000
1.711000
1.225000
0.868000
0.905000
1.005000
0.861000
0.817000
0.824000
0.837000
0.858000
1.118000
1.143000
1.149000
1.046000
0.921000
0.970000
1.029000
0.857000
0.918000
0.862000
0.818000
0.842000
0.756000
0.832000
0.773000
0.848000
0.811000
0.969000
1.007000
1.483000
1.461000
0.855000
0.808000
0.825000
0.846000
0.752000
0.791000
0.963000
0.968000
2.327000
2.821000
1.293000
0.973000
0.955000
0.813000
0.821000
0.872000
0.865000
0.844000
0.863000
0.943000
0.834000
0.794000
0.870000
0.902000
0.976000
0.979000
0.828000
0.869000
0.858000
0.814000
0.813000
0.835000
0.821000
0.862000
0.842000
0.797000
0.928000
0.907000
1.401000
1.640000
1.103000
1.118000
0.943000
0.760000
0.702000
0.739000
0.859000
1.439000
1.658000
