0.000000
0.192000
0.114000
0.152000
0.239000
0.225000
0.923000
0.866000
0.270000
0.277000
0.481000
0.335000
0.346000
0.305000
0.455000
0.234000
0.418000
0.830000
0.555000
0.223000
0.564000
0.351000
0.183000
0.253000
0.197000
0.427000
0.196000
0.862000
0.680000
0.488000
1.059000
1.395000
0.287000
0.378000
0.254000
0.320000
0.127000
0.452000
0.377000
0.220000
0.268000
0.148000
0.631000
0.427000
0.416000
0.246000
0.334000
0.263000
0.234000
0.644000
0.805000
0.953000
0.686000
0.416000
0.223000
0.653000
0.286000
0.253000
0.652000
0.633000
0.320000
0.400000
0.409000
0.629000
1.582000
2.438000
1.201000
0.321000
0.521000
0.150000
0.480000
0.467000
0.160000
0.176000
0.107000
0.329000
0.410000
0.758000
0.808000
0.646000
0.407000
0.106000
0.392000
0.142000
0.246000
0.138000
0.211000
0.199000
0.476000
0.662000
0.796000
0.354000
0.289000
0.526000
0.615000
0.105000
0.540000
0.333000
0.417000
0.280000
0.904000
0.703000
0.404000
0.522000
0.775000
0.356000
0.215000
0.478000
0.577000
0.995000
0.363000
0.705000
0.505000
0.278000
0.235000
0.149000
0.348000
0.597000
0.194000
0.341000
0.362000
0.511000
0.548000
0.558000
0.488000
0.455000
1.344000
0.906000
0.765000
0.968000
0.593000
0.211000
0.251000
0.064000
0.242000
0.132000
0.353000
0.476000
0.934000
0.665000
0.520000
0.304000
0.197000
0.460000
0.160000
0.485000
1.003000
0.415000
0.172000
0.172000
0.353000
0.264000
0.474000
0.496000
0.560000
0.841000
0.675000
1.096000
0.870000
0.391000
0.316000
0.436000
0.431000
0.231000
0.314000
0.540000
0.710000
0.499000
0.507000
0.540000
0.604000
0.365000
0.377000
0.334000
0.191000
0.177000
0.346000
0.717000
0.877000
0.373000
0.173000
0.271000
0.156000
0.395000
0.361000
0.276000
0.279000
0.099000
0.125000
0.251000
0.376000
0.370000
0.298000
0.187000
0.475000
0.442000
0.500000
1.074000
0.802000
0.829000
0.176000
0.371000
0.264000
0.169000
0.341000
0.353000
1.016000
0.403000
