-0.060000
-0.000000
-0.005000
0.035000
0.008000
0.008000
-0.067000
-0.027000
-0.007000
0.002000
0.003000
-0.010000
-0.024000
-0.003000
0.001000
0.003000
-0.005000
-0.058000
0.014000
0.053000
0.004000
0.021000
0.047000
0.016000
-0.000000
0.018000
-0.001000
-0.047000
-0.050000
-0.058000
-0.161000
-0.159000
-0.192000
-0.061000
-0.051000
-0.104000
-0.080000
-0.088000
-0.119000
-0.112000
-0.040000
-0.068000
-0.035000
-0.038000
0.026000
-0.045000
0.009000
-0.012000
0.008000
0.006000
0.021000
0.102000
-0.015000
0.027000
0.014000
0.086000
0.032000
0.123000
-0.030000
-0.037000
-0.019000
-0.002000
0.014000
0.018000
0.026000
-0.084000
-0.007000
0.008000
0.035000
0.014000
0.020000
0.075000
0.080000
0.079000
0.038000
0.056000
0.057000
0.035000
0.052000
0.025000
0.058000
0.054000
0.089000
0.113000
0.119000
0.115000
0.136000
0.118000
0.113000
0.071000
0.140000
0.117000
0.140000
0.134000
0.107000
0.102000
0.115000
0.059000
0.087000
0.085000
0.227000
0.148000
0.188000
0.174000
0.142000
0.190000
0.149000
0.227000
0.141000
0.174000
0.140000
0.142000
0.170000
0.205000
0.169000
0.188000
0.190000
0.170000
0.148000
0.223000
0.177000
0.186000
0.144000
0.188000
0.168000
0.139000
0.125000
0.168000
0.183000
0.183000
0.204000
0.242000
0.192000
0.201000
0.198000
0.242000
0.205000
0.203000
0.233000
0.196000
0.219000
0.175000
0.175000
0.216000
0.227000
0.176000
0.299000
0.213000
0.219000
0.204000
0.278000
0.188000
0.261000
0.220000
0.250000
0.256000
0.234000
0.292000
0.336000
0.348000
0.388000
0.357000
0.408000
0.376000
0.411000
0.362000
0.374000
0.368000
0.364000
0.310000
0.403000
0.419000
0.361000
0.357000
0.355000
0.364000
0.390000
0.288000
0.156000
0.190000
0.164000
0.240000
0.248000
0.297000
0.218000
0.209000
0.230000
0.212000
0.225000
0.223000
0.194000
0.219000
0.184000
0.152000
0.133000
0.184000
0.231000
0.032000
-0.051000
0.070000
0.087000
0.103000
0.097000
0.102000
0.149000
0.130000
0.106000
0.150000
