-0.040000
-0.096000
-0.128000
-0.137000
-0.095000
-0.109000
0.069000
-0.253000
-0.105000
-0.044000
-0.194000
-0.081000
-0.062000
-0.123000
0.005000
-0.074000
0.106000
-0.190000
-0.109000
-0.020000
-0.089000
-0.132000
-0.091000
-0.094000
-0.107000
0.024000
-0.021000
-0.216000
-0.072000
-0.015000
0.174000
-0.231000
-0.168000
-0.101000
-0.090000
-0.027000
-0.031000
-0.186000
-0.057000
-0.018000
-0.023000
-0.030000
-0.123000
-0.034000
0.028000
-0.035000
-0.077000
-0.158000
-0.063000
0.129000
-0.155000
0.096000
-0.031000
-0.117000
-0.095000
0.053000
-0.024000
0.003000
0.129000
-0.056000
0.049000
-0.078000
0.087000
-0.150000
0.284000
-0.236000
0.064000
-0.077000
0.037000
0.049000
-0.143000
0.037000
0.015000
0.049000
0.037000
-0.065000
0.095000
-0.163000
0.147000
-0.114000
0.075000
0.041000
-0.106000
-0.085000
-0.019000
-0.027000
-0.056000
-0.125000
0.066000
-0.191000
0.055000
-0.066000
-0.097000
0.080000
-0.109000
-0.047000
0.089000
0.009000
-0.093000
0.021000
-0.186000
0.048000
-0.119000
0.042000
-0.223000
-0.063000
-0.134000
-0.035000
0.099000
-0.241000
-0.115000
-0.284000
-0.137000
-0.172000
-0.082000
-0.138000
-0.015000
-0.240000
-0.146000
-0.163000
-0.071000
-0.222000
-0.035000
-0.295000
-0.066000
0.029000
-0.505000
-0.177000
0.059000
-0.304000
-0.059000
-0.177000
-0.167000
-0.174000
-0.222000
-0.195000
-0.093000
-0.305000
0.037000
-0.213000
-0.361000
-0.232000
-0.300000
-0.202000
-0.230000
-0.339000
-0.106000
-0.246000
-0.154000
-0.207000
-0.176000
-0.173000
-0.251000
-0.153000
-0.316000
0.036000
-0.259000
-0.651000
-0.281000
-0.374000
-0.436000
-0.284000
-0.406000
-0.411000
-0.361000
-0.210000
-0.356000
-0.293000
-0.361000
-0.268000
-0.307000
-0.239000
-0.277000
-0.303000
-0.312000
-0.296000
-0.415000
-0.233000
-0.402000
-0.252000
-0.245000
-0.265000
-0.233000
-0.278000
-0.220000
-0.311000
-0.244000
-0.260000
-0.231000
-0.291000
-0.143000
-0.285000
-0.269000
-0.333000
-0.163000
-0.320000
-0.214000
-0.241000
-0.168000
-0.272000
-0.215000
-0.177000
-0.258000
-0.209000
-0.279000
-0.339000
-0.521000
-0.570000
