-0.152000
-0.164000
-0.203000
-0.280000
-0.225000
-0.186000
0.184000
-0.163000
-0.142000
0.024000
-0.220000
-0.088000
-0.008000
-0.119000
0.056000
0.009000
0.158000
-0.107000
0.058000
0.080000
-0.131000
-0.090000
-0.040000
-0.071000
-0.038000
0.057000
0.087000
-0.281000
-0.031000
-0.017000
0.261000
-0.114000
-0.107000
-0.103000
-0.145000
-0.025000
0.000000
-0.198000
-0.050000
0.010000
0.099000
0.026000
-0.225000
-0.018000
0.062000
0.114000
-0.043000
-0.135000
-0.071000
0.212000
-0.032000
0.053000
0.096000
-0.043000
-0.131000
0.157000
0.091000
0.132000
0.395000
0.159000
0.137000
0.058000
0.214000
-0.019000
0.870000
-0.320000
0.053000
-0.074000
0.103000
0.129000
-0.056000
0.086000
0.158000
0.188000
0.180000
0.116000
0.226000
-0.047000
0.288000
0.008000
0.137000
0.140000
-0.010000
-0.059000
0.041000
0.054000
-0.009000
-0.073000
0.089000
-0.068000
0.037000
-0.053000
-0.023000
0.121000
0.011000
0.014000
0.287000
0.209000
-0.015000
0.119000
0.008000
0.202000
0.138000
0.120000
-0.108000
-0.054000
-0.046000
-0.020000
0.273000
-0.184000
-0.036000
-0.389000
-0.192000
-0.108000
-0.045000
-0.031000
0.091000
-0.162000
-0.116000
-0.161000
-0.039000
-0.164000
0.019000
-0.201000
-0.042000
0.127000
-0.408000
-0.020000
0.228000
-0.223000
-0.019000
-0.049000
-0.168000
-0.171000
-0.255000
-0.243000
-0.147000
-0.290000
0.080000
-0.166000
-0.444000
-0.380000
-0.467000
-0.284000
-0.274000
-0.419000
-0.165000
-0.252000
-0.272000
-0.256000
-0.187000
-0.196000
-0.390000
-0.254000
-0.384000
-0.081000
-0.305000
-0.697000
-0.387000
-0.585000
-0.622000
-0.473000
-0.519000
-0.564000
-0.481000
-0.344000
-0.565000
-0.622000
-0.691000
-0.518000
-0.534000
-0.479000
-0.416000
-0.502000
-0.472000
-0.518000
-0.575000
-0.488000
-0.626000
-0.466000
-0.445000
-0.454000
-0.515000
-0.454000
-0.392000
-0.513000
-0.396000
-0.443000
-0.430000
-0.489000
-0.358000
-0.438000
-0.573000
-0.590000
-0.362000
-0.559000
-0.433000
-0.524000
-0.561000
-0.620000
-0.584000
-0.431000
-0.508000
-0.448000
-0.537000
-0.649000
-0.738000
-0.811000
