12.608000 1.000000 1.000000
17.804000 1.000000 1.000000
22.007000 1.000000 1.000000
47.423000 1.000000 1.000000
65.210000 1.000000 1.000000
126.020000 1.000000 1.000000
140.615000 1.000000 1.000000
149.020000 1.000000 1.000000
158.419000 1.000000 1.000000
178.408000 1.000000 1.000000
183.620000 1.000000 1.000000
220.205000 1.000000 1.000000
240.210000 1.000000 1.000000
314.820000 1.000000 1.000000
344.208000 1.000000 1.000000
356.816000 1.000000 1.000000
361.019000 1.000000 1.000000
385.409000 1.000000 1.000000
