-0.036000
-0.030000
-0.030000
-0.030000
-0.030000
-0.030000
-0.012000
-0.012000
-0.012000
-0.012000
-0.012000
-0.007000
-0.012000
-0.012000
-0.012000
-0.012000
-0.012000
-0.002000
-0.012000
0.002000
0.005000
0.001000
0.008000
0.008000
0.008000
-0.012000
0.002000
0.002000
0.002000
0.016000
0.028000
0.028000
0.016000
0.016000
0.028000
0.028000
0.028000
0.043000
0.034000
0.035000
0.040000
0.040000
0.051000
0.051000
0.059000
0.059000
0.064000
0.070000
0.070000
0.070000
0.077000
0.070000
0.070000
0.070000
0.086000
0.082000
0.095000
0.058000
0.012000
0.047000
0.053000
0.066000
0.071000
0.077000
0.071000
0.089000
0.089000
0.089000
0.104000
0.105000
0.113000
0.114000
0.113000
0.125000
0.128000
0.130000
0.128000
0.136000
0.139000
0.133000
0.128000
0.135000
0.137000
0.134000
0.143000
0.153000
0.134000
0.038000
0.036000
0.061000
0.061000
0.084000
0.065000
0.095000
0.104000
0.104000
0.113000
0.119000
0.118000
0.139000
0.137000
0.144000
0.137000
0.147000
0.142000
0.151000
0.151000
0.151000
0.151000
0.151000
0.151000
0.151000
0.162000
0.169000
0.168000
0.168000
0.166000
0.168000
0.175000
0.181000
0.169000
0.177000
0.182000
0.191000
0.196000
0.196000
0.196000
0.204000
0.205000
0.196000
0.196000
0.196000
0.206000
0.212000
0.204000
0.207000
0.196000
0.208000
0.196000
0.166000
0.196000
0.213000
0.219000
0.216000
0.227000
0.220000
0.219000
0.222000
0.233000
0.229000
0.229000
0.233000
0.225000
0.221000
0.245000
0.246000
0.252000
0.252000
0.258000
0.252000
0.252000
0.266000
0.264000
0.266000
0.256000
0.262000
0.252000
0.252000
0.259000
0.270000
0.252000
0.276000
0.218000
0.215000
0.244000
0.247000
0.259000
0.260000
0.274000
0.287000
0.269000
0.262000
0.284000
0.271000
