0.000000
0.993000
1.109000
1.056000
1.180000
1.211000
1.048000
1.061000
1.092000
1.130000
1.194000
1.037000
1.035000
1.123000
1.032000
0.957000
0.974000
0.981000
1.051000
1.103000
1.077000
1.018000
1.048000
1.002000
0.936000
1.028000
1.105000
1.050000
1.078000
1.038000
1.013000
0.956000
0.967000
1.072000
1.008000
0.968000
0.966000
0.958000
0.939000
0.954000
1.045000
1.042000
1.041000
0.983000
0.957000
0.915000
1.033000
1.014000
0.992000
1.033000
1.073000
1.049000
1.049000
1.038000
1.024000
1.093000
1.111000
1.333000
1.388000
1.092000
1.094000
0.994000
1.079000
1.200000
1.174000
1.005000
1.016000
1.039000
1.006000
1.002000
1.036000
1.031000
1.160000
1.058000
1.104000
1.032000
0.972000
0.989000
1.013000
1.129000
1.130000
1.093000
1.078000
1.074000
1.160000
1.161000
1.717000
2.439000
1.815000
1.152000
1.127000
1.166000
1.132000
1.102000
1.039000
0.996000
1.018000
1.143000
1.028000
0.952000
0.992000
1.049000
1.072000
0.941000
0.986000
0.930000
0.961000
0.972000
0.978000
1.035000
0.993000
0.924000
0.977000
1.066000
1.066000
1.124000
1.066000
1.078000
0.967000
0.981000
1.094000
1.074000
1.003000
1.036000
1.001000
0.993000
1.025000
1.054000
1.113000
1.066000
1.013000
1.063000
1.077000
1.015000
1.076000
1.042000
1.010000
1.071000
1.237000
1.203000
1.081000
1.228000
1.103000
1.129000
1.134000
1.116000
1.128000
1.168000
1.092000
1.038000
1.054000
1.012000
1.037000
1.140000
1.138000
1.099000
1.054000
1.035000
1.059000
1.002000
1.077000
1.038000
1.102000
1.108000
1.057000
1.010000
0.976000
0.948000
0.942000
0.960000
1.079000
1.087000
1.113000
1.008000
0.996000
0.999000
0.934000
1.070000
1.060000
1.065000
1.111000
1.077000
1.025000
1.111000
