0.000000
18.610000
20.786000
19.792000
22.116000
22.688000
19.636000
19.887000
20.458000
21.182000
22.376000
19.441000
19.403000
21.047000
19.339000
17.939000
18.258000
18.385000
19.704000
20.672000
20.178000
19.077000
19.646000
18.774000
17.548000
19.258000
20.712000
19.672000
20.208000
19.446000
18.992000
17.917000
18.120000
20.096000
18.888000
18.144000
18.096000
17.949000
17.591000
17.874000
19.586000
19.531000
19.508000
18.420000
17.935000
17.153000
19.366000
19.007000
18.585000
19.356000
20.112000
19.659000
19.658000
19.454000
19.183000
20.477000
20.825000
24.980000
26.021000
20.465000
20.497000
18.636000
20.230000
22.490000
21.999000
18.831000
19.046000
19.467000
18.863000
18.773000
19.409000
19.331000
21.748000
19.830000
20.694000
19.337000
18.226000
18.531000
18.988000
21.168000
21.183000
20.477000
20.213000
20.128000
21.735000
21.762000
32.173000
45.721000
34.010000
21.583000
21.128000
21.848000
21.216000
20.647000
19.470000
18.677000
19.071000
21.424000
19.270000
17.845000
18.583000
19.652000
20.092000
17.631000
18.475000
17.433000
18.011000
18.225000
18.333000
19.398000
18.605000
17.311000
18.318000
19.972000
19.976000
21.067000
19.978000
20.201000
18.117000
18.391000
20.509000
20.125000
18.790000
19.419000
18.755000
18.605000
19.214000
19.753000
20.863000
19.976000
18.977000
19.917000
20.177000
19.023000
20.163000
19.523000
18.934000
20.069000
23.175000
22.549000
20.261000
23.006000
20.674000
21.154000
21.254000
20.919000
21.138000
21.890000
20.470000
19.453000
19.759000
18.965000
19.441000
21.364000
21.334000
20.593000
19.762000
19.396000
19.842000
18.779000
20.191000
19.460000
20.651000
20.762000
19.817000
18.930000
18.298000
17.764000
17.646000
17.989000
20.225000
20.382000
20.851000
18.898000
18.663000
18.729000
17.504000
20.058000
19.874000
19.954000
20.817000
20.185000
19.206000
20.831000
