0.000000
0.938000
0.991000
1.012000
1.050000
1.042000
0.952000
0.947000
0.953000
0.977000
1.030000
0.932000
0.955000
1.001000
0.980000
0.933000
0.943000
0.944000
0.970000
1.022000
0.977000
0.956000
1.012000
0.970000
0.922000
0.969000
0.971000
0.945000
0.943000
0.937000
0.959000
0.939000
0.929000
0.983000
0.951000
0.928000
0.925000
0.910000
0.892000
0.907000
0.929000
0.962000
0.939000
0.936000
0.916000
0.899000
0.933000
0.931000
0.928000
0.921000
0.942000
0.948000
0.976000
0.984000
0.963000
0.986000
0.961000
1.152000
1.236000
1.021000
0.979000
0.947000
0.997000
1.047000
1.008000
0.936000
0.956000
0.942000
0.914000
0.940000
0.951000
0.968000
1.010000
0.952000
0.945000
0.909000
0.919000
0.958000
0.961000
1.033000
1.002000
0.944000
0.940000
0.974000
0.978000
0.989000
1.531000
2.131000
1.662000
1.106000
1.025000
1.076000
1.014000
0.998000
0.953000
0.941000
0.947000
1.003000
0.972000
0.929000
0.923000
0.943000
0.946000
0.920000
0.937000
0.905000
0.912000
0.909000
0.887000
0.939000
0.931000
0.899000
0.935000
0.951000
0.987000
1.009000
0.970000
0.941000
0.907000
0.910000
0.971000
0.944000
0.926000
0.926000
0.916000
0.959000
0.955000
0.975000
0.965000
0.927000
0.925000
0.930000
0.958000
0.960000
0.982000
0.975000
0.946000
0.973000
1.085000
1.102000
1.003000
1.078000
1.038000
1.015000
1.014000
1.023000
1.003000
1.017000
0.989000
0.961000
0.968000
0.949000
0.959000
1.010000
0.979000
0.960000
0.970000
0.959000
0.963000
0.974000
0.962000
0.943000
0.967000
0.961000
0.960000
0.938000
0.907000
0.922000
0.900000
0.910000
0.946000
0.991000
1.042000
0.974000
0.945000
0.920000
0.908000
0.987000
0.993000
1.004000
1.030000
0.987000
0.919000
1.005000
