0.000000
0.037000
0.030000
0.036000
0.023000
0.047000
0.059000
0.051000
0.043000
0.034000
0.090000
0.046000
0.038000
0.012000
0.032000
0.036000
0.062000
0.062000
0.074000
0.063000
0.011000
0.071000
0.086000
0.035000
0.071000
0.091000
0.057000
0.040000
0.041000
0.064000
0.039000
0.019000
0.067000
0.018000
0.052000
0.026000
0.031000
0.049000
0.044000
0.039000
0.032000
0.047000
0.087000
0.049000
0.066000
0.042000
0.048000
0.053000
0.020000
0.030000
0.035000
0.057000
0.057000
0.049000
0.049000
0.082000
0.122000
0.277000
0.179000
0.361000
0.099000
0.066000
0.057000
0.039000
0.076000
0.069000
0.039000
0.042000
0.061000
0.075000
0.072000
0.037000
0.069000
0.120000
0.065000
0.076000
0.097000
0.050000
0.043000
0.077000
0.083000
0.074000
0.066000
0.039000
0.040000
0.053000
0.560000
0.607000
0.341000
0.268000
0.071000
0.141000
0.146000
0.173000
0.158000
0.178000
0.174000
0.160000
0.133000
0.090000
0.074000
0.139000
0.065000
0.033000
0.035000
0.037000
0.041000
0.111000
0.086000
0.088000
0.104000
0.047000
0.081000
0.066000
0.039000
0.054000
0.036000
0.084000
0.056000
0.059000
0.083000
0.105000
0.082000
0.050000
0.036000
0.083000
0.073000
0.029000
0.028000
0.064000
0.041000
0.029000
0.073000
0.024000
0.035000
0.069000
0.116000
0.118000
0.111000
0.206000
0.271000
0.073000
0.127000
0.088000
0.089000
0.131000
0.096000
0.041000
0.055000
0.022000
0.023000
0.015000
0.032000
0.039000
0.066000
0.053000
0.035000
0.040000
0.067000
0.065000
0.034000
0.049000
0.020000
0.038000
0.038000
0.042000
0.060000
0.019000
0.048000
0.041000
0.084000
0.132000
0.147000
0.055000
0.105000
0.098000
0.080000
0.052000
0.123000
0.096000
0.103000
0.127000
0.093000
0.107000
