0.000000
0.780000
0.776000
1.167000
1.180000
0.981000
1.195000
1.047000
2.497000
3.703000
3.418000
4.496000
2.633000
1.509000
0.712000
0.711000
0.891000
0.787000
0.843000
1.128000
0.972000
0.953000
0.833000
0.850000
0.927000
0.852000
0.665000
0.769000
0.907000
0.627000
1.054000
1.311000
0.902000
0.959000
0.886000
0.701000
0.566000
0.670000
1.184000
2.397000
2.728000
1.452000
2.827000
3.964000
2.590000
1.268000
1.142000
0.860000
0.789000
0.887000
0.983000
1.170000
0.872000
0.971000
0.826000
0.723000
0.603000
0.763000
1.196000
1.392000
1.391000
1.055000
0.922000
0.819000
0.936000
1.031000
0.929000
0.995000
1.497000
1.899000
1.765000
1.185000
0.936000
0.921000
0.901000
0.971000
0.871000
0.737000
0.935000
1.055000
1.054000
1.631000
1.731000
1.724000
0.976000
0.856000
0.811000
0.627000
0.582000
0.764000
0.704000
0.744000
0.714000
0.688000
0.786000
0.841000
0.745000
0.864000
1.425000
1.556000
1.258000
1.101000
1.093000
0.898000
0.800000
0.670000
0.820000
0.964000
0.829000
0.651000
0.685000
0.669000
1.243000
1.919000
1.618000
0.825000
0.668000
0.771000
0.710000
0.735000
0.785000
0.787000
0.766000
0.917000
1.030000
0.813000
0.803000
0.736000
0.869000
0.857000
0.723000
0.755000
0.970000
1.116000
0.749000
0.847000
0.991000
1.201000
1.171000
0.923000
0.693000
0.639000
0.659000
0.894000
1.045000
0.880000
0.729000
0.671000
0.795000
2.999000
3.765000
2.444000
1.252000
0.969000
1.042000
1.397000
1.062000
1.197000
1.454000
1.054000
1.029000
1.074000
0.633000
0.568000
0.569000
1.490000
3.047000
3.613000
5.003000
2.532000
1.359000
0.993000
1.012000
1.633000
1.904000
1.320000
1.195000
0.900000
0.856000
1.218000
1.375000
1.441000
1.190000
0.946000
0.861000
0.914000
0.967000
0.844000
0.869000
0.788000
1.038000
0.786000
0.787000
1.366000
1.986000
1.450000
1.078000
0.866000
0.743000
0.674000
0.719000
1.112000
1.249000
1.469000
0.879000
0.772000
0.917000
0.873000
0.958000
1.027000
0.772000
0.584000
0.745000
0.743000
0.642000
0.590000
2.638000
3.066000
1.835000
1.026000
0.790000
0.749000
0.730000
0.716000
0.816000
1.184000
1.142000
0.810000
0.812000
1.345000
1.160000
1.145000
1.130000
1.428000
1.330000
1.048000
1.032000
0.912000
0.672000
1.192000
1.339000
0.974000
0.774000
0.637000
0.855000
0.660000
0.737000
0.944000
0.941000
0.887000
0.725000
0.659000
0.936000
0.899000
0.836000
1.869000
2.945000
4.360000
2.520000
1.096000
0.846000
0.857000
0.666000
0.557000
0.588000
0.772000
0.680000
