0.000000
36.362000
36.163000
54.402000
55.006000
45.699000
55.669000
48.788000
116.334000
172.532000
159.253000
209.523000
122.682000
70.338000
33.167000
33.151000
41.520000
36.665000
39.287000
52.542000
45.309000
44.428000
38.796000
39.600000
43.176000
39.700000
31.011000
35.856000
42.243000
29.209000
49.096000
61.071000
42.016000
44.708000
41.280000
32.651000
26.369000
31.223000
55.158000
111.683000
127.143000
67.643000
131.718000
184.696000
120.709000
59.094000
53.204000
40.088000
36.787000
41.343000
45.792000
54.497000
40.655000
45.232000
38.490000
33.699000
28.120000
35.564000
55.714000
64.862000
64.806000
49.150000
42.974000
38.148000
43.618000
48.028000
43.310000
46.362000
69.750000
88.493000
82.251000
55.228000
43.623000
42.916000
41.988000
45.225000
40.600000
34.334000
43.568000
49.178000
49.112000
76.012000
80.666000
80.332000
45.483000
39.876000
37.778000
29.211000
27.128000
35.624000
32.785000
34.692000
33.292000
32.054000
36.645000
39.172000
34.710000
40.242000
66.424000
72.507000
58.604000
51.297000
50.952000
41.826000
37.283000
31.222000
38.192000
44.908000
38.634000
30.357000
31.903000
31.158000
57.944000
89.422000
75.414000
38.456000
31.124000
35.930000
33.078000
34.229000
36.601000
36.682000
35.710000
42.711000
48.008000
37.888000
37.398000
34.316000
40.509000
39.914000
33.675000
35.181000
45.209000
51.994000
34.902000
39.472000
46.186000
55.983000
54.574000
43.010000
32.296000
29.755000
30.686000
41.672000
48.678000
41.005000
33.956000
31.278000
37.060000
139.751000
175.441000
113.899000
58.350000
45.153000
48.543000
65.101000
49.485000
55.762000
67.738000
49.094000
47.937000
50.066000
29.480000
26.474000
26.502000
69.447000
142.004000
168.376000
233.154000
117.974000
63.336000
46.271000
47.173000
76.082000
88.740000
61.495000
55.673000
41.920000
39.870000
56.760000
64.079000
67.144000
55.430000
44.079000
40.138000
42.602000
45.063000
39.312000
40.497000
36.715000
48.386000
36.633000
36.692000
63.653000
92.534000
67.579000
50.219000
40.332000
34.645000
31.397000
33.509000
51.823000
58.218000
68.436000
40.980000
35.990000
42.712000
40.703000
44.623000
47.873000
35.957000
27.208000
34.735000
34.602000
29.897000
27.484000
122.924000
142.849000
85.514000
47.790000
36.796000
34.919000
34.031000
33.364000
38.006000
55.189000
53.201000
37.733000
37.826000
62.675000
54.058000
53.351000
52.635000
66.523000
61.960000
48.826000
48.110000
42.495000
31.304000
55.561000
62.375000
45.377000
36.077000
29.702000
39.827000
30.735000
34.358000
44.010000
43.864000
41.335000
33.786000
30.728000
43.625000
41.912000
38.959000
87.070000
137.224000
203.182000
117.437000
51.058000
39.439000
39.925000
31.032000
25.946000
27.385000
35.954000
31.693000
