0.000000
0.729000
0.701000
0.932000
0.991000
0.858000
1.026000
0.939000
2.063000
3.572000
3.248000
4.450000
2.798000
1.465000
0.689000
0.694000
0.814000
0.736000
0.786000
1.022000
0.886000
0.811000
0.719000
0.788000
0.864000
0.761000
0.655000
0.718000
0.822000
0.646000
1.005000
1.242000
0.863000
0.860000
0.808000
0.687000
0.591000
0.622000
1.007000
2.130000
2.481000
1.228000
2.665000
3.934000
2.592000
1.251000
1.027000
0.794000
0.700000
0.833000
0.871000
1.007000
0.811000
0.825000
0.750000
0.686000
0.616000
0.707000
0.986000
1.146000
1.153000
0.950000
0.828000
0.732000
0.828000
0.915000
0.805000
0.873000
1.278000
1.610000
1.493000
1.027000
0.810000
0.800000
0.766000
0.857000
0.782000
0.692000
0.806000
0.876000
0.876000
1.277000
1.445000
1.427000
0.891000
0.779000
0.736000
0.614000
0.597000
0.689000
0.657000
0.685000
0.662000
0.652000
0.722000
0.759000
0.707000
0.776000
1.163000
1.228000
1.028000
0.964000
0.967000
0.777000
0.713000
0.656000
0.728000
0.819000
0.747000
0.636000
0.669000
0.653000
1.070000
1.588000
1.479000
0.768000
0.653000
0.680000
0.628000
0.674000
0.722000
0.714000
0.709000
0.832000
0.905000
0.730000
0.732000
0.694000
0.736000
0.731000
0.670000
0.713000
0.859000
0.986000
0.714000
0.788000
0.872000
1.003000
0.991000
0.833000
0.649000
0.653000
0.679000
0.840000
0.922000
0.797000
0.687000
0.647000
0.734000
2.719000
3.395000
2.185000
1.170000
0.879000
0.912000
1.185000
0.944000
1.029000
1.204000
0.964000
0.935000
0.938000
0.647000
0.589000
0.589000
1.270000
2.760000
3.211000
4.863000
2.539000
1.144000
0.868000
0.884000
1.491000
1.679000
1.101000
0.991000
0.769000
0.743000
1.031000
1.144000
1.202000
1.023000
0.829000
0.781000
0.821000
0.878000
0.768000
0.776000
0.705000
0.868000
0.724000
0.723000
1.010000
1.519000
1.307000
0.975000
0.745000
0.682000
0.650000
0.674000
0.972000
1.105000
1.202000
0.823000
0.680000
0.765000
0.779000
0.839000
0.884000
0.710000
0.603000
0.730000
0.721000
0.621000
0.616000
2.541000
2.914000
1.652000
0.855000
0.728000
0.693000
0.673000
0.690000
0.786000
1.023000
0.959000
0.750000
0.723000
1.128000
1.058000
1.014000
0.975000
1.179000
1.165000
0.903000
0.885000
0.855000
0.701000
1.117000
1.231000
0.906000
0.742000
0.651000
0.795000
0.653000
0.710000
0.854000
0.858000
0.785000
0.679000
0.660000
0.819000
0.803000
0.779000
1.550000
2.654000
4.467000
2.670000
1.022000
0.783000
0.775000
0.665000
0.595000
0.626000
0.723000
0.656000
