0.000000
0.591000
0.370000
0.428000
0.240000
0.319000
0.370000
0.518000
1.038000
10.284000
4.345000
4.117000
3.332000
0.640000
0.580000
0.573000
0.513000
0.198000
0.460000
0.557000
0.549000
0.487000
0.233000
0.170000
0.307000
0.453000
0.385000
0.415000
0.609000
0.456000
0.242000
0.406000
0.536000
0.401000
0.295000
0.221000
0.200000
0.317000
0.558000
1.539000
1.627000
0.738000
4.063000
2.642000
2.827000
0.893000
0.752000
0.486000
0.507000
0.438000
0.275000
0.725000
0.772000
1.139000
0.723000
0.089000
0.264000
0.324000
0.301000
0.353000
0.472000
0.547000
0.622000
0.390000
0.338000
0.565000
0.385000
0.590000
1.360000
1.926000
2.398000
0.782000
1.138000
0.911000
0.395000
1.187000
1.168000
0.550000
0.933000
1.380000
1.164000
2.065000
0.994000
1.457000
0.582000
0.584000
0.172000
0.379000
0.260000
0.781000
0.531000
0.448000
0.240000
0.203000
0.712000
1.066000
0.839000
0.731000
0.470000
1.314000
1.757000
0.705000
1.037000
0.607000
0.471000
0.327000
0.226000
0.749000
0.823000
0.261000
0.477000
0.310000
1.903000
1.878000
1.747000
0.614000
0.247000
0.205000
0.346000
0.287000
0.558000
0.386000
0.522000
0.891000
0.344000
0.844000
0.733000
0.320000
0.974000
0.502000
0.161000
0.444000
0.575000
0.669000
0.560000
0.749000
0.855000
0.308000
0.958000
0.608000
0.204000
0.285000
0.582000
0.996000
0.556000
0.744000
0.521000
0.226000
0.789000
2.901000
3.367000
2.378000
0.924000
0.650000
1.004000
1.172000
0.908000
1.218000
0.922000
0.666000
0.576000
1.026000
0.192000
0.178000
0.118000
0.707000
1.259000
4.784000
4.384000
1.148000
1.083000
0.912000
1.298000
1.614000
1.269000
1.409000
1.136000
0.928000
0.818000
1.693000
0.795000
0.854000
0.612000
0.529000
0.355000
0.729000
0.466000
0.369000
0.966000
0.742000
0.939000
0.519000
0.160000
0.634000
1.403000
1.132000
0.954000
0.394000
0.393000
0.280000
0.672000
1.504000
1.349000
1.706000
0.455000
0.655000
0.312000
0.152000
0.577000
0.204000
0.523000
0.321000
0.138000
0.346000
0.493000
0.369000
2.265000
1.998000
1.313000
0.460000
0.432000
0.380000
0.584000
0.425000
0.772000
0.902000
0.693000
0.459000
0.535000
1.202000
0.774000
1.013000
0.535000
1.053000
0.603000
0.158000
0.551000
0.390000
0.240000
1.400000
0.823000
1.075000
0.219000
0.327000
0.350000
0.496000
0.506000
0.876000
0.453000
0.552000
0.339000
0.390000
0.800000
0.515000
0.493000
2.046000
4.482000
3.221000
2.199000
0.804000
0.562000
0.648000
0.224000
0.260000
0.234000
0.491000
0.361000
