0.034000
0.231000
0.097000
0.043000
-0.026000
0.060000
0.057000
-0.016000
-0.408000
-2.709000
-1.974000
-0.605000
0.026000
-0.059000
-0.058000
0.042000
0.173000
0.129000
0.027000
0.210000
0.011000
0.216000
0.122000
0.125000
0.076000
0.189000
0.243000
0.116000
0.379000
0.173000
0.126000
0.273000
0.129000
0.260000
0.187000
0.138000
0.171000
0.247000
0.079000
-0.351000
-0.035000
-0.136000
-0.605000
0.052000
0.444000
0.024000
0.231000
0.311000
0.199000
0.263000
0.288000
0.429000
0.133000
0.610000
0.278000
0.281000
0.368000
0.393000
0.368000
0.245000
0.160000
0.012000
0.213000
0.105000
0.163000
0.064000
0.183000
0.319000
0.085000
-0.285000
0.378000
0.588000
0.164000
0.587000
0.334000
0.009000
0.417000
0.204000
0.598000
0.140000
0.614000
-0.047000
-0.156000
0.236000
0.060000
0.223000
0.231000
0.325000
0.230000
0.597000
0.306000
0.575000
0.437000
0.449000
0.780000
0.269000
0.661000
0.351000
0.312000
0.726000
0.168000
0.482000
0.288000
0.345000
0.394000
0.482000
0.539000
0.287000
0.542000
0.483000
0.600000
0.416000
0.801000
0.331000
0.143000
0.428000
0.443000
0.392000
0.481000
0.561000
0.472000
0.553000
0.435000
0.690000
0.722000
0.420000
0.819000
0.821000
0.397000
0.682000
0.726000
0.743000
0.854000
0.574000
0.686000
0.681000
0.452000
0.422000
0.752000
0.417000
0.489000
0.545000
0.410000
0.654000
0.813000
0.538000
0.749000
0.726000
0.506000
0.868000
0.627000
0.024000
0.187000
0.340000
0.568000
0.891000
0.641000
0.274000
0.144000
0.173000
0.319000
0.548000
0.489000
0.504000
0.539000
0.316000
0.272000
-0.254000
0.746000
0.717000
1.035000
0.691000
1.018000
0.935000
0.665000
1.193000
1.292000
0.996000
1.355000
0.717000
0.982000
0.712000
0.925000
1.010000
0.927000
1.082000
0.927000
1.067000
1.403000
1.064000
0.849000
1.007000
0.964000
0.664000
0.755000
0.668000
1.038000
0.889000
1.005000
0.964000
1.085000
0.944000
1.486000
0.809000
0.678000
0.941000
1.063000
1.005000
1.007000
0.985000
0.863000
0.930000
0.970000
0.937000
0.799000
0.803000
1.275000
0.940000
0.857000
0.940000
1.077000
1.151000
1.025000
1.106000
1.042000
0.870000
1.155000
1.155000
1.116000
0.929000
0.861000
1.171000
1.213000
0.959000
0.959000
0.943000
1.082000
1.225000
1.187000
0.944000
0.736000
0.649000
0.694000
0.626000
0.757000
0.869000
0.872000
0.989000
0.804000
0.791000
0.956000
0.994000
0.834000
0.659000
0.855000
0.662000
0.279000
0.827000
0.817000
0.786000
0.822000
1.004000
0.983000
0.940000
0.982000
0.880000
1.001000
