-0.312000
-0.252000
-0.263000
-0.397000
-0.433000
-0.416000
-0.329000
-0.506000
-0.584000
-0.277000
0.257000
0.460000
0.258000
0.190000
0.041000
0.167000
0.191000
0.293000
0.069000
0.298000
0.014000
0.198000
0.121000
0.144000
0.041000
0.092000
0.262000
0.072000
0.359000
0.216000
0.216000
0.321000
0.142000
0.245000
0.174000
0.132000
0.107000
0.218000
0.013000
-0.485000
-0.416000
-0.416000
0.301000
0.644000
0.424000
0.173000
0.252000
0.372000
0.184000
0.261000
0.231000
0.386000
0.005000
0.390000
0.148000
0.131000
0.147000
0.194000
0.048000
-0.057000
-0.111000
-0.364000
-0.212000
-0.307000
-0.263000
-0.442000
-0.346000
-0.318000
-0.156000
0.322000
0.058000
0.157000
-0.108000
0.067000
0.015000
-0.389000
-0.061000
-0.292000
-0.053000
-0.273000
-0.021000
-0.285000
-0.242000
-0.055000
-0.302000
-0.213000
-0.239000
-0.189000
-0.274000
-0.047000
-0.181000
-0.064000
-0.081000
-0.159000
0.089000
-0.244000
-0.040000
-0.220000
-0.293000
0.097000
-0.305000
-0.069000
-0.326000
-0.240000
-0.271000
-0.110000
-0.169000
-0.246000
-0.139000
-0.163000
-0.091000
-0.134000
0.150000
0.028000
-0.302000
-0.258000
-0.249000
-0.333000
-0.269000
-0.151000
-0.247000
-0.208000
-0.298000
-0.088000
-0.021000
-0.276000
-0.127000
-0.057000
-0.322000
-0.259000
-0.193000
-0.246000
-0.056000
-0.055000
-0.181000
-0.007000
-0.272000
-0.323000
-0.374000
-0.364000
-0.362000
-0.330000
-0.492000
-0.254000
-0.073000
-0.204000
-0.204000
-0.114000
-0.430000
0.215000
0.975000
0.451000
0.584000
0.499000
0.602000
0.572000
0.826000
0.419000
0.191000
0.097000
0.271000
0.402000
0.356000
0.328000
0.332000
0.204000
0.247000
1.398000
1.249000
0.867000
1.035000
0.720000
1.048000
0.705000
0.295000
0.560000
0.769000
0.569000
0.772000
0.359000
0.401000
0.019000
0.138000
0.294000
0.137000
0.317000
0.336000
0.321000
0.512000
0.395000
0.223000
0.280000
0.223000
0.054000
0.334000
-0.100000
0.059000
-0.021000
0.091000
0.023000
0.165000
-0.222000
0.083000
-0.051000
-0.258000
-0.118000
-0.035000
-0.052000
-0.059000
-0.139000
-0.265000
-0.251000
-0.202000
-0.291000
-0.378000
-0.444000
0.587000
0.785000
0.321000
0.296000
0.270000
0.291000
0.246000
0.347000
0.248000
-0.007000
0.129000
0.066000
0.132000
0.353000
0.126000
0.193000
0.473000
0.215000
0.156000
0.072000
0.063000
0.227000
0.221000
-0.073000
-0.389000
-0.303000
-0.307000
-0.269000
-0.269000
-0.254000
-0.341000
-0.114000
-0.215000
-0.430000
-0.349000
-0.233000
-0.401000
-0.528000
-0.500000
0.020000
1.079000
0.386000
-0.186000
-0.326000
-0.385000
-0.271000
-0.289000
-0.318000
-0.327000
-0.538000
-0.425000
