2.032000 1.546000 1.000000
6.003000 0.527000 1.000000
8.883000 0.328000 1.000000
12.093000 0.333000 1.000000
51.127000 0.539000 1.000000
53.543000 0.275000 1.000000
55.611000 0.271000 1.000000
58.986000 0.552000 1.000000
71.479000 0.459000 1.000000
73.035000 0.335000 1.000000
84.403000 2.656000 1.000000
90.012000 0.302000 1.000000
92.196000 0.286000 1.000000
95.572000 0.830000 1.000000
189.459000 0.479000 1.000000
192.090000 0.440000 1.000000
202.117000 0.341000 1.000000
205.178000 0.392000 1.000000
210.026000 0.320000 1.000000
212.922000 0.304000 1.000000
216.298000 0.304000 1.000000
219.739000 0.287000 1.000000
261.189000 0.573000 1.000000
264.118000 0.628000 1.000000
266.468000 0.574000 1.000000
269.264000 0.354000 1.000000
282.783000 0.395000 1.000000
288.492000 0.342000 1.000000
291.040000 0.298000 1.000000
293.125000 0.245000 1.000000
294.631000 0.347000 1.000000
311.012000 0.502000 1.000000
314.537000 0.298000 1.000000
320.179000 0.895000 1.000000
323.306000 0.288000 1.000000
325.325000 0.253000 1.000000
326.980000 0.326000 1.000000
333.747000 1.959000 1.000000
337.123000 0.359000 1.000000
338.645000 0.301000 1.000000
341.094000 0.308000 1.000000
349.484000 0.311000 1.000000
352.594000 0.272000 1.000000
355.474000 0.273000 1.000000
358.584000 0.274000 1.000000
378.921000 0.306000 1.000000
380.708000 0.311000 1.000000
383.239000 0.267000 1.000000
385.440000 0.282000 1.000000
390.900000 0.310000 1.000000
392.456000 0.258000 1.000000
394.342000 0.260000 1.000000
397.602000 0.312000 1.000000
436.404000 0.262000 1.000000
439.598000 0.276000 1.000000
442.394000 0.312000 1.000000
444.033000 0.482000 1.000000
461.870000 0.420000 1.000000
468.174000 0.332000 1.000000
469.995000 0.304000 1.000000
472.328000 0.306000 1.000000
474.727000 0.347000 1.000000
481.792000 0.354000 1.000000
484.986000 0.272000 1.000000
486.674000 0.360000 1.000000
490.116000 0.287000 1.000000
