2.032000 0.500000 -6.667000
6.003000 0.500000 -1.667000
8.883000 0.500000 3.333000
12.093000 0.500000 8.333000
51.127000 0.500000 -6.667000
53.543000 0.500000 -1.667000
55.611000 0.500000 3.333000
58.986000 0.500000 8.333000
71.479000 0.500000 -6.667000
73.035000 0.500000 -1.667000
84.403000 0.500000 -6.667000
90.012000 0.500000 -1.667000
92.196000 0.500000 3.333000
95.572000 0.500000 8.333000
189.459000 0.500000 -6.667000
192.090000 0.500000 -1.667000
202.117000 0.500000 -6.667000
205.178000 0.500000 -1.667000
210.026000 0.500000 -6.667000
212.922000 0.500000 -1.667000
216.298000 0.500000 3.333000
219.739000 0.500000 8.333000
261.189000 0.500000 -6.667000
264.118000 0.500000 -1.667000
266.468000 0.500000 3.333000
269.264000 0.500000 8.333000
282.783000 0.500000 -6.667000
288.492000 0.500000 -6.667000
291.040000 0.500000 -1.667000
293.125000 0.500000 3.333000
294.631000 0.500000 8.333000
311.012000 0.500000 -6.667000
314.537000 0.500000 -1.667000
320.179000 0.500000 -6.667000
323.306000 0.500000 -1.667000
325.325000 0.500000 3.333000
326.980000 0.500000 8.333000
333.747000 0.500000 -6.667000
337.123000 0.500000 -1.667000
338.645000 0.500000 3.333000
341.094000 0.500000 8.333000
349.484000 0.500000 -6.667000
352.594000 0.500000 -1.667000
355.474000 0.500000 3.333000
358.584000 0.500000 8.333000
378.921000 0.500000 -6.667000
380.708000 0.500000 -1.667000
383.239000 0.500000 3.333000
385.440000 0.500000 8.333000
390.900000 0.500000 -6.667000
392.456000 0.500000 -1.667000
394.342000 0.500000 3.333000
397.602000 0.500000 8.333000
436.404000 0.500000 -6.667000
439.598000 0.500000 -1.667000
442.394000 0.500000 3.333000
444.033000 0.500000 8.333000
461.870000 0.500000 -6.667000
468.174000 0.500000 -6.667000
469.995000 0.500000 -1.667000
472.328000 0.500000 3.333000
474.727000 0.500000 8.333000
481.792000 0.500000 -6.667000
484.986000 0.500000 -1.667000
486.674000 0.500000 3.333000
490.116000 0.500000 8.333000
