24.238000 0.500000 1.000000
27.498000 0.500000 1.000000
30.658000 0.500000 1.000000
33.388000 0.500000 1.000000
35.970000 0.500000 1.000000
37.806000 0.500000 1.000000
39.461000 0.500000 1.000000
41.662000 0.500000 1.000000
103.084000 0.500000 1.000000
105.318000 0.500000 1.000000
108.329000 0.500000 1.000000
111.242000 0.500000 1.000000
113.459000 0.500000 1.000000
116.603000 0.500000 1.000000
119.465000 0.500000 1.000000
122.527000 0.500000 1.000000
124.380000 0.500000 1.000000
127.524000 0.500000 1.000000
130.899000 0.500000 1.000000
132.504000 0.500000 1.000000
139.553000 0.500000 1.000000
143.210000 0.500000 1.000000
145.245000 0.500000 1.000000
147.049000 0.500000 1.000000
149.266000 0.500000 1.000000
151.864000 0.500000 1.000000
154.446000 0.500000 1.000000
156.779000 0.500000 1.000000
158.483000 0.500000 1.000000
161.230000 0.500000 1.000000
162.984000 0.500000 1.000000
173.110000 0.500000 1.000000
175.427000 0.500000 1.000000
178.008000 0.500000 1.000000
180.358000 0.500000 1.000000
230.098000 0.500000 1.000000
232.878000 0.500000 1.000000
246.181000 0.500000 1.000000
248.084000 0.500000 1.000000
366.279000 0.500000 1.000000
368.628000 0.500000 1.000000
411.584000 0.500000 1.000000
414.695000 0.500000 1.000000
418.501000 0.500000 1.000000
421.545000 0.500000 1.000000
424.060000 0.500000 1.000000
426.410000 0.500000 1.000000
428.478000 0.500000 1.000000
454.970000 0.500000 1.000000
499.382000 0.500000 1.000000
502.244000 0.500000 1.000000
503.750000 0.500000 1.000000
506.662000 0.500000 1.000000
509.773000 0.500000 1.000000
512.553000 0.500000 1.000000
516.723000 0.500000 1.000000
518.973000 0.500000 1.000000
521.952000 0.500000 1.000000
523.673000 0.500000 1.000000
526.635000 0.500000 1.000000
528.852000 0.500000 1.000000
