0.000000
0.993000
0.910000
0.916000
0.884000
0.931000
0.996000
1.010000
0.886000
1.082000
1.289000
1.151000
1.127000
1.039000
1.010000
1.003000
0.914000
0.880000
0.880000
0.887000
0.847000
0.895000
0.898000
0.841000
0.850000
0.897000
0.978000
0.921000
0.991000
1.055000
0.925000
0.874000
0.859000
0.873000
0.943000
0.914000
0.892000
0.820000
0.875000
0.829000
0.900000
0.898000
1.240000
1.228000
0.943000
0.934000
0.919000
0.941000
0.949000
0.979000
0.915000
1.045000
0.973000
0.911000
0.963000
0.971000
1.103000
0.949000
0.868000
0.806000
0.896000
1.018000
0.928000
0.857000
0.906000
0.941000
1.417000
2.008000
1.618000
1.091000
1.070000
0.866000
0.789000
0.822000
0.906000
1.022000
1.020000
1.051000
0.989000
0.942000
1.033000
1.014000
0.939000
0.880000
0.875000
0.917000
0.925000
0.898000
0.860000
0.889000
0.887000
0.857000
0.871000
0.923000
0.876000
0.889000
0.883000
1.090000
1.114000
0.995000
0.968000
0.954000
1.452000
1.935000
1.232000
0.888000
0.846000
1.554000
1.795000
1.496000
1.139000
1.007000
0.876000
0.889000
0.900000
1.023000
0.930000
0.976000
0.905000
0.961000
0.907000
0.965000
1.043000
0.991000
0.944000
1.353000
1.324000
0.979000
0.909000
0.903000
0.914000
0.921000
0.952000
0.977000
0.987000
1.028000
1.047000
1.191000
1.289000
1.337000
1.169000
1.054000
0.909000
0.878000
0.976000
0.910000
0.917000
0.989000
0.930000
1.055000
0.993000
0.885000
0.942000
0.962000
0.935000
0.868000
0.806000
0.877000
1.010000
0.989000
0.976000
1.002000
0.987000
0.904000
0.910000
1.059000
1.092000
0.915000
0.887000
0.969000
0.956000
1.737000
1.820000
1.251000
0.919000
0.833000
0.836000
0.854000
0.838000
0.857000
0.886000
0.897000
0.896000
0.928000
1.078000
1.075000
0.888000
0.944000
0.917000
0.887000
0.845000
0.856000
0.958000
0.976000
0.891000
0.947000
1.556000
1.927000
1.450000
1.113000
0.919000
0.855000
0.882000
0.914000
0.948000
1.005000
0.898000
0.940000
0.887000
0.938000
1.115000
0.968000
1.137000
0.886000
0.891000
1.000000
1.011000
1.042000
2.614000
2.673000
1.319000
1.047000
1.033000
1.242000
0.962000
1.581000
1.436000
1.131000
1.122000
1.255000
0.935000
0.912000
0.901000
0.859000
0.935000
0.979000
1.046000
0.861000
0.889000
0.866000
0.884000
0.887000
0.851000
0.951000
0.904000
1.014000
0.880000
0.884000
0.928000
0.895000
0.996000
1.037000
0.922000
0.877000
0.926000
0.921000
0.925000
0.963000
1.147000
1.147000
0.919000
0.867000
0.862000
0.851000
0.977000
0.970000
1.076000
1.105000
1.030000
0.913000
1.225000
1.469000
1.384000
1.292000
1.026000
0.888000
0.905000
0.905000
0.940000
0.872000
0.849000
0.870000
1.011000
0.855000
0.910000
0.840000
0.869000
0.932000
1.239000
1.656000
3.179000
