0.000000
18.983000
17.383000
17.501000
16.883000
17.788000
19.034000
19.304000
16.920000
20.675000
24.638000
21.987000
21.528000
19.846000
19.307000
19.173000
17.464000
16.812000
16.810000
16.955000
16.186000
17.092000
17.157000
16.064000
16.239000
17.139000
18.690000
17.604000
18.935000
20.153000
17.678000
16.693000
16.404000
16.676000
18.024000
17.462000
17.036000
15.662000
16.717000
15.844000
17.203000
17.158000
23.696000
23.460000
18.011000
17.843000
17.555000
17.973000
18.138000
18.703000
17.484000
19.970000
18.596000
17.416000
18.410000
18.550000
21.082000
18.139000
16.580000
15.399000
17.122000
19.458000
17.732000
16.382000
17.314000
17.973000
27.085000
38.372000
30.907000
20.847000
20.441000
16.550000
15.074000
15.710000
17.312000
19.533000
19.485000
20.073000
18.906000
18.002000
19.746000
19.376000
17.941000
16.807000
16.711000
17.516000
17.677000
17.156000
16.434000
16.992000
16.948000
16.368000
16.652000
17.626000
16.736000
16.979000
16.872000
20.831000
21.287000
19.007000
18.497000
18.219000
27.742000
36.975000
23.541000
16.966000
16.171000
29.686000
34.295000
28.588000
21.771000
19.244000
16.739000
16.982000
17.192000
19.554000
17.771000
18.643000
17.299000
18.360000
17.327000
18.442000
19.930000
18.937000
18.040000
25.856000
25.304000
18.711000
17.366000
17.257000
17.459000
17.589000
18.199000
18.664000
18.859000
19.641000
20.001000
22.758000
24.626000
25.549000
22.343000
20.146000
17.375000
16.782000
18.642000
17.379000
17.529000
18.891000
17.774000
20.155000
18.965000
16.913000
18.004000
18.387000
17.873000
16.589000
15.402000
16.757000
19.304000
18.904000
18.651000
19.152000
18.859000
17.274000
17.395000
20.237000
20.861000
17.481000
16.941000
18.512000
18.266000
33.185000
34.783000
23.906000
17.559000
15.908000
15.968000
16.321000
16.003000
16.371000
16.935000
17.138000
17.116000
17.731000
20.596000
20.531000
16.966000
18.044000
17.530000
16.954000
16.140000
16.349000
18.312000
18.643000
17.033000
18.090000
29.724000
36.818000
27.697000
21.271000
17.553000
16.345000
16.856000
17.460000
18.121000
19.206000
17.156000
17.954000
16.954000
17.928000
21.310000
18.487000
21.723000
16.937000
17.031000
19.107000
19.320000
19.913000
49.953000
51.073000
25.199000
20.006000
19.737000
23.732000
18.376000
30.210000
27.440000
21.615000
21.445000
23.976000
17.863000
17.422000
17.218000
16.421000
17.870000
18.714000
19.978000
16.458000
16.989000
16.554000
16.886000
16.955000
16.256000
18.179000
17.274000
19.379000
16.815000
16.899000
17.725000
17.105000
19.039000
19.815000
17.612000
16.751000
17.690000
17.592000
17.679000
18.403000
21.925000
21.913000
17.564000
16.570000
16.469000
16.270000
18.673000
18.540000
20.554000
21.114000
19.674000
17.446000
23.410000
28.068000
26.445000
24.679000
19.611000
16.977000
17.283000
17.283000
17.963000
16.668000
16.228000
16.616000
19.322000
16.333000
17.386000
16.056000
16.605000
17.817000
23.672000
31.638000
60.751000
