0.000000
0.967000
0.922000
0.919000
0.886000
0.938000
0.963000
0.939000
0.886000
0.958000
1.164000
1.059000
0.992000
0.930000
0.938000
0.954000
0.906000
0.879000
0.889000
0.890000
0.856000
0.887000
0.876000
0.861000
0.849000
0.853000
0.890000
0.885000
0.942000
0.935000
0.909000
0.884000
0.865000
0.875000
0.944000
0.903000
0.894000
0.844000
0.873000
0.849000
0.904000
0.886000
1.079000
1.100000
0.924000
0.912000
0.899000
0.881000
0.894000
0.905000
0.901000
0.960000
0.921000
0.881000
0.916000
0.936000
0.910000
0.927000
0.875000
0.844000
0.898000
0.913000
0.892000
0.854000
0.888000
0.914000
1.285000
1.709000
1.382000
1.020000
0.969000
0.878000
0.829000
0.859000
0.895000
0.908000
0.953000
0.914000
0.945000
0.901000
0.936000
0.980000
0.914000
0.888000
0.882000
0.914000
0.904000
0.885000
0.869000
0.870000
0.873000
0.837000
0.867000
0.915000
0.887000
0.899000
0.874000
0.900000
0.942000
0.912000
0.943000
0.935000
1.297000
1.680000
1.147000
0.873000
0.865000
1.375000
1.561000
1.253000
1.043000
0.942000
0.873000
0.869000
0.862000
0.922000
0.892000
0.923000
0.916000
0.940000
0.905000
0.942000
0.968000
0.941000
0.925000
1.222000
1.213000
0.939000
0.907000
0.907000
0.905000
0.908000
0.898000
0.911000
0.957000
0.966000
0.990000
1.099000
1.167000
1.182000
1.112000
1.004000
0.898000
0.878000
0.938000
0.902000
0.907000
0.933000
0.927000
0.977000
0.973000
0.901000
0.917000
0.909000
0.883000
0.872000
0.830000
0.860000
0.939000
0.948000
0.934000
0.951000
0.940000
0.903000
0.892000
0.959000
0.911000
0.895000
0.897000
0.960000
0.946000
1.510000
1.530000
1.101000
0.920000
0.867000
0.851000
0.870000
0.864000
0.861000
0.882000
0.875000
0.908000
0.890000
1.039000
1.042000
0.892000
0.891000
0.905000
0.881000
0.858000
0.859000
0.909000
0.913000
0.888000
0.921000
1.371000
1.648000
1.230000
0.973000
0.913000
0.871000
0.885000
0.909000
0.906000
0.934000
0.883000
0.860000
0.892000
0.904000
0.977000
0.932000
0.918000
0.888000
0.886000
0.968000
0.962000
1.012000
2.283000
2.319000
1.210000
0.941000
0.939000
0.930000
0.939000
1.400000
1.298000
1.022000
1.014000
0.980000
0.926000
0.904000
0.907000
0.879000
0.906000
0.960000
0.930000
0.886000
0.900000
0.885000
0.886000
0.888000
0.866000
0.886000
0.892000
0.900000
0.890000
0.907000
0.933000
0.895000
0.930000
0.926000
0.921000
0.887000
0.886000
0.904000
0.895000
0.913000
0.933000
0.921000
0.907000
0.880000
0.873000
0.859000
0.958000
0.941000
0.986000
1.016000
0.965000
0.919000
1.150000
1.285000
1.151000
1.038000
0.967000
0.879000
0.893000
0.880000
0.876000
0.875000
0.874000
0.872000
0.894000
0.868000
0.903000
0.876000
0.894000
0.939000
1.147000
1.465000
2.746000
