0.000000
0.229000
0.078000
0.082000
0.047000
0.213000
0.153000
0.047000
0.123000
0.140000
0.518000
0.230000
0.127000
0.100000
0.106000
0.075000
0.080000
0.042000
0.038000
0.056000
0.069000
0.043000
0.042000
0.046000
0.095000
0.086000
0.132000
0.055000
0.144000
0.162000
0.122000
0.079000
0.083000
0.064000
0.060000
0.041000
0.063000
0.025000
0.057000
0.099000
0.079000
0.152000
0.203000
0.265000
0.117000
0.111000
0.110000
0.031000
0.035000
0.077000
0.122000
0.046000
0.072000
0.129000
0.195000
0.200000
0.081000
0.056000
0.098000
0.076000
0.211000
0.172000
0.123000
0.096000
0.080000
0.124000
0.434000
0.382000
0.454000
0.080000
0.265000
0.138000
0.089000
0.115000
0.100000
0.061000
0.095000
0.052000
0.045000
0.060000
0.075000
0.085000
0.045000
0.027000
0.073000
0.048000
0.056000
0.055000
0.073000
0.036000
0.056000
0.018000
0.012000
0.024000
0.166000
0.048000
0.067000
0.095000
0.101000
0.088000
0.095000
0.164000
0.358000
0.547000
0.284000
0.190000
0.055000
0.509000
0.487000
0.535000
0.204000
0.170000
0.094000
0.107000
0.116000
0.101000
0.155000
0.181000
0.087000
0.080000
0.148000
0.140000
0.219000
0.120000
0.119000
0.320000
0.232000
0.220000
0.133000
0.190000
0.118000
0.048000
0.042000
0.088000
0.041000
0.070000
0.091000
0.270000
0.317000
0.604000
0.295000
0.059000
0.093000
0.070000
0.141000
0.159000
0.203000
0.062000
0.072000
0.066000
0.064000
0.228000
0.228000
0.114000
0.093000
0.110000
0.214000
0.090000
0.094000
0.136000
0.037000
0.155000
0.099000
0.128000
0.123000
0.280000
0.167000
0.078000
0.169000
0.123000
0.097000
0.885000
0.522000
0.296000
0.071000
0.072000
0.081000
0.098000
0.083000
0.036000
0.040000
0.051000
0.150000
0.107000
0.330000
0.139000
0.104000
0.143000
0.106000
0.077000
0.052000
0.047000
0.092000
0.151000
0.138000
0.145000
0.681000
0.244000
0.489000
0.191000
0.303000
0.219000
0.196000
0.201000
0.133000
0.215000
0.113000
0.020000
0.051000
0.166000
0.238000
0.157000
0.052000
0.097000
0.119000
0.229000
0.086000
0.291000
1.226000
0.264000
0.513000
0.182000
0.209000
0.138000
0.225000
0.505000
0.307000
0.055000
0.231000
0.047000
0.061000
0.075000
0.111000
0.141000
0.112000
0.166000
0.076000
0.074000
0.060000
0.041000
0.042000
0.045000
0.075000
0.098000
0.087000
0.140000
0.043000
0.206000
0.074000
0.176000
0.172000
0.191000
0.104000
0.068000
0.046000
0.055000
0.052000
0.133000
0.063000
0.076000
0.114000
0.077000
0.137000
0.058000
0.107000
0.080000
0.229000
0.118000
0.064000
0.068000
0.546000
0.103000
0.414000
0.176000
0.263000
0.159000
0.167000
0.176000
0.124000
0.100000
0.105000
0.074000
0.125000
0.113000
0.125000
0.107000
0.165000
0.260000
0.504000
0.332000
0.503000
