-0.064000
-0.069000
-0.061000
-0.029000
-0.044000
-0.061000
-0.061000
-0.038000
-0.061000
-0.054000
-0.093000
-0.093000
-0.076000
-0.079000
-0.060000
-0.050000
-0.030000
-0.025000
-0.012000
-0.003000
-0.005000
-0.005000
0.012000
0.015000
-0.003000
0.007000
0.000000
0.002000
0.023000
0.005000
0.023000
0.030000
0.049000
0.049000
0.036000
0.049000
0.049000
0.054000
0.070000
0.084000
0.078000
0.084000
0.071000
0.073000
0.117000
0.101000
0.094000
0.101000
0.101000
0.094000
0.107000
0.105000
0.101000
0.122000
0.101000
0.112000
0.137000
0.134000
0.119000
0.134000
0.115000
0.118000
0.138000
0.139000
0.152000
0.146000
0.141000
0.081000
0.072000
0.073000
0.106000
0.118000
0.092000
0.120000
0.106000
0.106000
0.096000
0.109000
0.109000
0.106000
0.110000
0.126000
0.113000
0.112000
0.103000
0.106000
0.106000
0.106000
0.114000
0.109000
0.106000
0.106000
0.106000
0.106000
0.083000
0.087000
0.094000
0.119000
0.131000
0.135000
0.128000
0.135000
0.131000
0.125000
0.164000
0.218000
0.229000
0.255000
0.226000
0.227000
0.271000
0.267000
0.288000
0.276000
0.277000
0.276000
0.282000
0.270000
0.288000
0.282000
0.337000
0.316000
0.292000
0.287000
0.288000
0.258000
0.237000
0.278000
0.288000
0.255000
0.265000
0.269000
0.276000
0.257000
0.276000
0.271000
0.283000
0.226000
0.195000
0.248000
0.263000
0.275000
0.273000
0.281000
0.263000
0.272000
0.276000
0.289000
0.277000
0.284000
0.281000
0.302000
0.364000
0.336000
0.330000
0.341000
0.295000
0.291000
0.323000
0.315000
0.314000
0.300000
0.313000
0.304000
0.320000
0.289000
0.299000
0.298000
0.266000
0.240000
0.266000
0.188000
0.189000
0.225000
0.225000
0.213000
0.241000
0.225000
0.248000
0.240000
0.255000
0.254000
0.284000
0.271000
0.208000
0.215000
0.231000
0.273000
0.279000
0.271000
0.271000
0.256000
0.271000
0.298000
0.287000
0.281000
0.255000
0.188000
0.231000
0.269000
0.303000
0.311000
0.293000
0.338000
0.306000
0.362000
0.343000
0.334000
0.344000
0.376000
0.376000
0.414000
0.399000
0.398000
0.386000
0.407000
0.387000
0.407000
0.258000
0.187000
0.275000
0.281000
0.297000
0.303000
0.310000
0.318000
0.318000
0.302000
0.350000
0.350000
0.355000
0.356000
0.366000
0.390000
0.420000
0.444000
0.424000
0.442000
0.448000
0.442000
0.430000
0.425000
0.410000
0.423000
0.437000
0.479000
0.480000
0.441000
0.416000
0.380000
0.399000
0.436000
0.432000
0.429000
0.446000
0.434000
0.436000
0.432000
0.436000
0.436000
0.443000
0.457000
0.447000
0.446000
0.431000
0.407000
0.461000
0.447000
0.452000
0.439000
0.408000
0.399000
0.414000
0.414000
0.440000
0.454000
0.435000
0.420000
0.397000
0.406000
0.420000
0.422000
0.386000
0.403000
0.361000
0.387000
0.352000
0.324000
0.269000
0.306000
0.357000
