39.809000 1.000000 1.000000
80.812000 1.000000 1.000000
119.614000 1.000000 1.000000
137.419000 1.000000 1.000000
164.605000 1.000000 1.000000
176.221000 1.000000 1.000000
201.224000 1.000000 1.000000
210.622000 1.000000 1.000000
227.417000 1.000000 1.000000
263.208000 1.000000 1.000000
297.824000 1.000000 1.000000
310.417000 1.000000 1.000000
313.610000 1.000000 1.000000
325.210000 1.000000 1.000000
342.005000 1.000000 1.000000
367.205000 1.000000 1.000000
373.609000 1.000000 1.000000
395.815000 1.000000 1.000000
