14.608000 1.000000 1.000000
19.820000 1.000000 1.000000
24.007000 1.000000 1.000000
49.406000 1.000000 1.000000
67.211000 1.000000 1.000000
128.020000 1.000000 1.000000
142.615000 1.000000 1.000000
151.021000 1.000000 1.000000
160.419000 1.000000 1.000000
180.424000 1.000000 1.000000
185.620000 1.000000 1.000000
222.205000 1.000000 1.000000
242.210000 1.000000 1.000000
316.804000 1.000000 1.000000
346.208000 1.000000 1.000000
358.816000 1.000000 1.000000
363.019000 1.000000 1.000000
387.409000 1.000000 1.000000
