0.000000
1.271000
1.150000
1.043000
1.097000
1.037000
1.058000
1.099000
1.083000
1.112000
1.063000
1.048000
1.033000
1.040000
1.005000
0.989000
1.082000
1.049000
1.021000
1.102000
1.077000
1.065000
1.032000
1.025000
1.106000
0.997000
1.036000
1.006000
1.099000
1.027000
1.093000
1.401000
1.860000
1.548000
1.027000
0.956000
1.072000
1.282000
1.223000
1.188000
1.034000
1.007000
1.036000
1.012000
0.949000
1.005000
1.000000
1.088000
1.162000
1.113000
0.999000
1.008000
1.089000
1.195000
1.036000
0.995000
1.065000
1.022000
0.991000
0.967000
1.053000
1.145000
1.114000
1.007000
0.980000
1.000000
1.061000
1.015000
1.013000
1.063000
1.007000
1.008000
1.088000
1.101000
1.035000
1.022000
1.041000
1.097000
1.244000
1.128000
0.967000
0.967000
1.051000
1.036000
1.053000
1.016000
1.013000
1.074000
0.991000
1.041000
1.106000
0.978000
0.971000
1.043000
1.000000
1.010000
1.071000
1.096000
1.051000
1.074000
1.026000
0.968000
0.985000
0.985000
0.940000
0.927000
0.966000
0.962000
0.987000
1.030000
0.944000
1.017000
1.075000
1.070000
1.012000
1.044000
1.103000
1.148000
1.043000
0.949000
1.016000
1.141000
1.034000
0.970000
0.984000
0.990000
1.056000
1.015000
1.050000
1.051000
1.032000
0.973000
1.046000
1.102000
0.991000
1.083000
1.079000
1.091000
1.046000
1.168000
1.098000
1.173000
1.028000
1.008000
0.995000
1.041000
1.098000
1.072000
1.024000
1.014000
1.076000
1.085000
1.111000
1.122000
1.144000
1.065000
1.028000
1.055000
1.100000
1.053000
1.034000
1.023000
1.042000
0.955000
0.949000
0.995000
1.121000
1.214000
1.046000
0.960000
0.963000
0.987000
1.035000
1.009000
1.069000
1.214000
1.298000
1.138000
1.105000
1.102000
1.130000
1.042000
1.131000
1.019000
0.988000
1.061000
0.951000
0.988000
1.060000
0.996000
0.979000
0.971000
0.938000
1.014000
1.083000
1.004000
0.994000
1.027000
1.008000
1.010000
0.996000
1.059000
1.024000
1.025000
1.128000
1.374000
1.796000
1.569000
