0.000000
21.669000
19.609000
17.786000
18.708000
17.682000
18.044000
18.742000
18.469000
18.964000
18.130000
17.861000
17.615000
17.729000
17.136000
16.870000
18.444000
17.891000
17.402000
18.791000
18.366000
18.156000
17.599000
17.481000
18.857000
17.007000
17.672000
17.156000
18.734000
17.512000
18.642000
23.896000
31.717000
26.397000
17.514000
16.306000
18.270000
21.855000
20.856000
20.260000
17.638000
17.166000
17.664000
17.261000
16.183000
17.135000
17.048000
18.554000
19.813000
18.974000
17.037000
17.181000
18.562000
20.373000
17.661000
16.969000
18.156000
17.424000
16.895000
16.483000
17.962000
19.527000
18.993000
17.162000
16.709000
17.042000
18.088000
17.312000
17.276000
18.120000
17.173000
17.194000
18.558000
18.776000
17.652000
17.422000
17.753000
18.699000
21.212000
19.239000
16.490000
16.489000
17.928000
17.661000
17.949000
17.322000
17.279000
18.309000
16.897000
17.754000
18.866000
16.679000
16.557000
17.790000
17.058000
17.225000
18.258000
18.681000
17.925000
18.308000
17.499000
16.507000
16.791000
16.787000
16.030000
15.811000
16.475000
16.407000
16.821000
17.562000
16.094000
17.345000
18.322000
18.241000
17.253000
17.798000
18.800000
19.572000
17.784000
16.173000
17.328000
19.458000
17.628000
16.533000
16.781000
16.883000
18.000000
17.299000
17.896000
17.920000
17.601000
16.589000
17.827000
18.791000
16.900000
18.462000
18.393000
18.604000
17.838000
19.919000
18.727000
19.994000
17.523000
17.193000
16.967000
17.745000
18.720000
18.281000
17.454000
17.295000
18.354000
18.494000
18.938000
19.124000
19.507000
18.152000
17.529000
17.984000
18.757000
17.949000
17.623000
17.449000
17.758000
16.286000
16.182000
16.969000
19.106000
20.705000
17.836000
16.367000
16.417000
16.830000
17.641000
17.212000
18.231000
20.695000
22.138000
19.402000
18.837000
18.798000
19.271000
17.763000
19.277000
17.379000
16.854000
18.096000
16.211000
16.851000
18.074000
16.986000
16.691000
16.555000
16.000000
17.289000
18.458000
17.120000
16.944000
17.514000
17.193000
17.216000
16.978000
18.051000
17.464000
17.480000
19.228000
23.433000
30.628000
26.752000
