0.000000
1.167000
1.076000
1.031000
1.059000
0.991000
1.036000
1.037000
1.006000
1.030000
1.017000
1.020000
0.988000
0.967000
0.967000
0.967000
0.978000
0.975000
0.992000
1.036000
1.003000
0.980000
0.936000
0.968000
0.994000
0.947000
0.990000
0.979000
0.966000
0.975000
1.018000
1.286000
1.624000
1.385000
0.996000
0.930000
0.998000
1.135000
1.099000
1.038000
0.986000
0.986000
0.966000
0.947000
0.930000
0.980000
0.976000
1.003000
1.030000
1.022000
0.970000
0.981000
0.985000
1.022000
0.972000
0.974000
0.984000
0.954000
0.961000
0.948000
0.975000
1.003000
0.986000
0.978000
0.967000
0.959000
0.964000
0.967000
0.963000
0.937000
0.953000
0.971000
0.998000
1.009000
0.974000
0.991000
1.003000
1.016000
1.072000
1.041000
0.962000
0.951000
0.984000
0.962000
0.955000
0.959000
0.968000
0.993000
0.947000
0.982000
0.974000
0.936000
0.958000
0.991000
0.996000
0.974000
0.983000
0.995000
0.984000
0.982000
0.947000
0.951000
0.949000
0.949000
0.929000
0.931000
0.946000
0.920000
0.949000
0.951000
0.940000
0.999000
0.989000
0.981000
0.971000
0.974000
1.002000
0.984000
0.975000
0.956000
0.957000
1.013000
0.959000
0.939000
0.966000
0.965000
0.997000
0.981000
0.991000
0.962000
0.952000
0.943000
0.962000
0.984000
0.959000
0.983000
1.007000
0.987000
0.989000
0.996000
0.965000
0.985000
0.963000
0.944000
0.960000
0.976000
0.988000
0.963000
0.962000
0.997000
1.043000
1.013000
1.022000
1.009000
1.028000
0.986000
0.963000
0.994000
0.983000
0.964000
0.992000
0.978000
0.957000
0.931000
0.941000
0.962000
1.029000
1.028000
0.954000
0.939000
0.938000
0.949000
0.983000
0.969000
1.014000
1.069000
1.101000
1.049000
1.024000
1.017000
1.002000
0.971000
1.004000
0.964000
0.956000
0.993000
0.930000
0.921000
0.964000
0.953000
0.944000
0.950000
0.925000
0.941000
0.960000
0.959000
0.940000
0.942000
0.964000
0.990000
0.982000
0.949000
0.943000
0.963000
1.021000
1.187000
1.573000
1.428000
