0.000000
0.093000
0.103000
0.029000
0.031000
0.033000
0.041000
0.020000
0.069000
0.116000
0.066000
0.051000
0.034000
0.051000
0.085000
0.137000
0.097000
0.104000
0.048000
0.073000
0.048000
0.052000
0.016000
0.031000
0.054000
0.051000
0.052000
0.013000
0.040000
0.044000
0.075000
0.277000
0.165000
0.514000
0.146000
0.058000
0.054000
0.067000
0.056000
0.026000
0.033000
0.040000
0.049000
0.103000
0.045000
0.030000
0.034000
0.039000
0.057000
0.055000
0.013000
0.026000
0.038000
0.045000
0.013000
0.023000
0.043000
0.031000
0.045000
0.033000
0.038000
0.021000
0.032000
0.083000
0.052000
0.082000
0.061000
0.088000
0.104000
0.049000
0.028000
0.046000
0.032000
0.048000
0.027000
0.049000
0.057000
0.057000
0.058000
0.037000
0.080000
0.069000
0.069000
0.041000
0.031000
0.033000
0.028000
0.056000
0.038000
0.076000
0.045000
0.037000
0.036000
0.055000
0.032000
0.007000
0.033000
0.035000
0.037000
0.053000
0.048000
0.038000
0.017000
0.049000
0.051000
0.017000
0.029000
0.052000
0.013000
0.024000
0.084000
0.081000
0.040000
0.059000
0.045000
0.054000
0.048000
0.044000
0.043000
0.045000
0.058000
0.060000
0.059000
0.047000
0.079000
0.040000
0.031000
0.054000
0.050000
0.052000
0.054000
0.054000
0.042000
0.050000
0.046000
0.030000
0.067000
0.051000
0.049000
0.046000
0.037000
0.064000
0.031000
0.051000
0.031000
0.040000
0.047000
0.044000
0.059000
0.096000
0.039000
0.066000
0.028000
0.036000
0.050000
0.066000
0.042000
0.067000
0.043000
0.024000
0.031000
0.017000
0.054000
0.050000
0.019000
0.059000
0.051000
0.049000
0.020000
0.030000
0.039000
0.046000
0.063000
0.040000
0.031000
0.080000
0.025000
0.069000
0.063000
0.033000
0.061000
0.050000
0.065000
0.045000
0.054000
0.066000
0.019000
0.020000
0.030000
0.038000
0.040000
0.028000
0.019000
0.056000
0.112000
0.120000
0.087000
0.075000
0.085000
0.077000
0.043000
0.056000
0.115000
0.131000
0.131000
0.208000
0.324000
0.491000
