-0.040000
-0.038000
-0.040000
-0.033000
-0.040000
-0.040000
-0.028000
-0.017000
-0.020000
-0.007000
-0.020000
0.000000
-0.002000
0.000000
0.000000
-0.005000
0.000000
-0.022000
-0.022000
-0.004000
-0.004000
-0.004000
-0.004000
-0.004000
-0.001000
-0.004000
-0.004000
-0.006000
-0.004000
-0.004000
-0.004000
-0.002000
-0.003000
0.035000
0.039000
0.042000
0.027000
0.033000
0.027000
0.039000
0.044000
0.034000
0.038000
0.028000
0.025000
0.025000
0.023000
0.025000
0.029000
0.025000
0.025000
0.039000
0.041000
0.041000
0.041000
0.051000
0.041000
0.051000
0.053000
0.058000
0.054000
0.058000
0.058000
0.062000
0.058000
0.058000
0.058000
0.058000
0.058000
0.058000
0.058000
0.072000
0.075000
0.075000
0.082000
0.075000
0.075000
0.084000
0.083000
0.086000
0.102000
0.081000
0.098000
0.098000
0.098000
0.098000
0.098000
0.106000
0.108000
0.111000
0.110000
0.103000
0.119000
0.112000
0.119000
0.119000
0.119000
0.122000
0.119000
0.119000
0.119000
0.119000
0.119000
0.119000
0.115000
0.115000
0.119000
0.119000
0.119000
0.110000
0.119000
0.119000
0.119000
0.129000
0.119000
0.119000
0.119000
0.119000
0.124000
0.119000
0.119000
0.119000
0.131000
0.119000
0.134000
0.135000
0.136000
0.135000
0.124000
0.119000
0.131000
0.136000
0.128000
0.135000
0.140000
0.136000
0.137000
0.139000
0.135000
0.143000
0.150000
0.156000
0.150000
0.139000
0.142000
0.135000
0.144000
0.145000
0.156000
0.137000
0.135000
0.137000
0.137000
0.137000
0.137000
0.149000
0.153000
0.137000
0.137000
0.139000
0.137000
0.137000
0.140000
0.127000
0.132000
0.132000
0.137000
0.137000
0.137000
0.143000
0.137000
0.130000
0.137000
0.136000
0.137000
0.127000
0.127000
0.137000
0.136000
0.129000
0.136000
0.136000
0.130000
0.132000
0.133000
0.136000
0.141000
0.136000
0.136000
0.136000
0.136000
0.136000
0.136000
0.136000
0.136000
0.136000
0.136000
0.136000
0.136000
0.136000
0.136000
0.144000
0.147000
0.141000
0.147000
0.144000
0.154000
0.180000
