-0.022000
-0.061000
-0.031000
-0.030000
-0.030000
-0.016000
-0.015000
-0.013000
-0.039000
0.020000
0.010000
0.009000
-0.005000
-0.001000
-0.018000
0.015000
-0.001000
0.018000
0.023000
0.013000
0.001000
0.020000
0.024000
0.008000
0.003000
0.011000
0.016000
0.020000
0.016000
0.034000
-0.003000
0.103000
0.157000
0.013000
0.039000
0.020000
0.018000
0.028000
0.062000
0.069000
0.062000
0.044000
0.061000
0.025000
0.035000
0.025000
0.037000
0.025000
0.062000
0.034000
0.034000
0.034000
0.034000
0.053000
0.043000
0.052000
0.029000
0.044000
0.030000
0.027000
0.039000
0.048000
0.057000
0.032000
0.055000
0.022000
0.046000
0.005000
0.062000
0.039000
0.039000
0.039000
0.023000
0.044000
0.044000
0.044000
0.044000
0.046000
0.066000
0.050000
0.066000
0.070000
0.056000
0.057000
0.039000
0.059000
0.055000
0.074000
0.083000
0.054000
0.072000
0.059000
0.077000
0.056000
0.056000
0.056000
0.068000
0.076000
0.082000
0.074000
0.079000
0.069000
0.069000
0.069000
0.058000
0.053000
0.053000
0.074000
0.076000
0.076000
0.050000
0.078000
0.059000
0.089000
0.083000
0.072000
0.092000
0.085000
0.084000
0.082000
0.052000
0.076000
0.066000
0.082000
0.066000
0.075000
0.095000
0.064000
0.064000
0.079000
0.072000
0.071000
0.058000
0.080000
0.071000
0.065000
0.083000
0.088000
0.083000
0.065000
0.065000
0.093000
0.091000
0.077000
0.066000
0.063000
0.072000
0.080000
0.101000
0.121000
0.121000
0.077000
0.094000
0.078000
0.112000
0.131000
0.120000
0.119000
0.107000
0.103000
0.110000
0.107000
0.096000
0.114000
0.113000
0.122000
0.097000
0.121000
0.116000
0.119000
0.110000
0.109000
0.092000
0.116000
0.104000
0.152000
0.147000
0.126000
0.108000
0.113000
0.130000
0.141000
0.110000
0.116000
0.091000
0.128000
0.128000
0.128000
0.107000
0.128000
0.103000
0.110000
0.107000
0.129000
0.088000
0.135000
0.114000
0.135000
0.115000
0.132000
0.126000
0.138000
0.104000
0.145000
0.097000
0.190000
0.235000
0.076000
