28.209000 1.000000 1.000000
36.615000 1.000000 1.000000
84.022000 1.000000 1.000000
88.209000 1.000000 1.000000
102.819000 1.000000 1.000000
111.209000 1.000000 1.000000
146.818000 1.000000 1.000000
167.816000 1.000000 1.000000
231.620000 1.000000 1.000000
234.814000 1.000000 1.000000
256.821000 1.000000 1.000000
271.614000 1.000000 1.000000
283.214000 1.000000 1.000000
301.018000 1.000000 1.000000
322.016000 1.000000 1.000000
338.811000 1.000000 1.000000
370.416000 1.000000 1.000000
376.819000 1.000000 1.000000
