2.032000 1.000000 1.000000
10.422000 1.000000 1.000000
53.609000 1.000000 1.000000
63.008000 1.000000 1.000000
115.412000 1.000000 1.000000
191.809000 1.000000 1.000000
196.011000 1.000000 1.000000
218.019000 1.000000 1.000000
238.007000 1.000000 1.000000
267.411000 1.000000 1.000000
275.817000 1.000000 1.000000
291.619000 1.000000 1.000000
305.204000 1.000000 1.000000
329.412000 1.000000 1.000000
333.615000 1.000000 1.000000
353.604000 1.000000 1.000000
383.206000 1.000000 1.000000
399.009000 1.000000 1.000000
