0.000000
1.020000
1.123000
1.112000
0.937000
1.033000
1.061000
1.082000
1.022000
1.096000
1.027000
1.320000
1.106000
1.030000
1.104000
1.043000
1.045000
1.074000
1.128000
1.158000
1.165000
1.156000
1.066000
1.136000
1.100000
1.075000
1.150000
1.224000
1.254000
1.182000
1.123000
0.922000
0.984000
1.118000
1.161000
0.997000
0.989000
1.117000
1.086000
0.938000
1.013000
1.063000
1.063000
0.990000
1.027000
1.034000
1.010000
1.044000
1.010000
0.912000
1.036000
1.131000
1.058000
1.108000
1.160000
0.989000
1.122000
1.004000
0.992000
0.995000
0.955000
0.985000
0.953000
1.010000
1.004000
0.966000
1.031000
1.195000
1.147000
1.032000
1.034000
1.016000
0.997000
0.954000
1.032000
1.123000
1.196000
1.053000
1.143000
1.182000
1.156000
1.151000
0.996000
1.060000
1.055000
1.069000
0.964000
0.982000
0.976000
0.945000
1.047000
0.945000
0.956000
1.016000
1.018000
0.995000
0.939000
1.004000
0.935000
0.934000
1.040000
1.017000
1.034000
1.017000
0.949000
1.023000
0.960000
1.040000
0.978000
1.064000
1.228000
1.145000
1.334000
1.137000
1.179000
1.147000
1.060000
1.186000
1.255000
1.029000
0.968000
0.885000
0.945000
0.986000
1.032000
1.024000
0.987000
0.968000
1.011000
1.038000
1.098000
1.161000
1.032000
0.964000
0.913000
0.930000
0.984000
0.988000
0.948000
1.015000
0.952000
1.000000
0.963000
0.929000
1.001000
0.987000
0.960000
0.960000
0.966000
1.079000
1.202000
1.172000
1.124000
0.995000
0.915000
0.924000
0.919000
0.944000
1.043000
0.996000
0.911000
0.979000
1.014000
1.042000
1.007000
0.949000
0.964000
0.985000
0.951000
1.070000
1.018000
0.999000
0.987000
1.009000
0.995000
0.932000
1.075000
1.056000
1.021000
0.901000
0.920000
0.944000
0.993000
1.001000
0.991000
1.030000
1.097000
1.132000
0.982000
0.959000
0.924000
0.969000
1.097000
1.159000
0.960000
1.015000
0.994000
1.003000
1.044000
1.025000
1.027000
1.027000
0.894000
0.964000
0.906000
0.958000
1.119000
1.123000
1.050000
1.131000
1.289000
1.166000
1.186000
1.261000
1.691000
1.953000
1.277000
1.088000
1.103000
1.068000
1.047000
1.035000
1.032000
1.023000
1.003000
0.943000
0.952000
1.072000
1.117000
1.040000
1.122000
1.063000
1.013000
1.006000
0.977000
0.980000
0.999000
1.081000
1.072000
1.001000
0.888000
0.943000
0.965000
0.914000
0.945000
0.993000
0.945000
0.950000
1.010000
0.996000
0.942000
1.001000
1.059000
1.100000
1.205000
1.005000
1.037000
1.036000
1.081000
1.194000
0.963000
1.069000
1.154000
1.052000
1.036000
1.113000
1.274000
