0.000000
17.921000
19.721000
19.538000
16.454000
18.154000
18.646000
18.999000
17.946000
19.258000
18.037000
23.185000
19.424000
18.100000
19.389000
18.331000
18.356000
18.867000
19.818000
20.339000
20.463000
20.306000
18.730000
19.958000
19.320000
18.881000
20.210000
21.493000
22.023000
20.760000
19.726000
16.190000
17.277000
19.631000
20.397000
17.522000
17.379000
19.616000
19.085000
16.476000
17.803000
18.668000
18.666000
17.389000
18.042000
18.155000
17.747000
18.342000
17.741000
16.018000
18.199000
19.876000
18.581000
19.463000
20.370000
17.381000
19.712000
17.633000
17.429000
17.470000
16.779000
17.299000
16.740000
17.743000
17.642000
16.974000
18.108000
20.990000
20.152000
18.132000
18.170000
17.851000
17.518000
16.761000
18.127000
19.735000
21.011000
18.504000
20.085000
20.763000
20.311000
20.216000
17.503000
18.627000
18.535000
18.779000
16.941000
17.246000
17.143000
16.597000
18.390000
16.596000
16.789000
17.850000
17.884000
17.487000
16.498000
17.630000
16.423000
16.402000
18.267000
17.861000
18.171000
17.858000
16.666000
17.979000
16.868000
18.261000
17.182000
18.698000
21.570000
20.110000
23.437000
19.969000
20.715000
20.143000
18.614000
20.834000
22.050000
18.073000
17.002000
15.548000
16.598000
17.316000
18.127000
17.991000
17.334000
17.010000
17.762000
18.237000
19.286000
20.387000
18.135000
16.937000
16.036000
16.339000
17.279000
17.357000
16.648000
17.829000
16.731000
17.567000
16.909000
16.322000
17.588000
17.330000
16.858000
16.869000
16.973000
18.959000
21.109000
20.581000
19.742000
17.475000
16.074000
16.235000
16.144000
16.590000
18.329000
17.492000
16.001000
17.191000
17.820000
18.305000
17.685000
16.667000
16.929000
17.303000
16.709000
18.788000
17.879000
17.557000
17.346000
17.720000
17.471000
16.371000
18.881000
18.555000
17.933000
15.820000
16.158000
16.575000
17.441000
17.591000
17.410000
18.085000
19.277000
19.886000
17.243000
16.848000
16.235000
17.021000
19.274000
20.355000
16.866000
17.828000
17.467000
17.624000
18.343000
17.999000
18.034000
18.041000
15.702000
16.930000
15.915000
16.834000
19.649000
19.719000
18.445000
19.875000
22.638000
20.479000
20.833000
22.147000
29.699000
34.314000
22.435000
19.107000
19.375000
18.768000
18.388000
18.180000
18.134000
17.964000
17.625000
16.565000
16.729000
18.829000
19.627000
18.270000
19.718000
18.674000
17.790000
17.664000
17.170000
17.211000
17.553000
18.997000
18.836000
17.582000
15.606000
16.568000
16.945000
16.052000
16.597000
17.446000
16.598000
16.688000
17.741000
17.489000
16.543000
17.575000
18.600000
19.326000
21.175000
17.649000
18.222000
18.201000
18.994000
20.971000
16.910000
18.785000
20.277000
18.480000
18.193000
19.556000
22.387000
