0.000000
0.970000
1.058000
1.038000
0.943000
0.993000
1.006000
1.030000
0.971000
1.008000
0.979000
1.179000
1.027000
0.962000
1.025000
0.974000
0.948000
1.011000
1.014000
1.021000
1.038000
1.078000
1.001000
1.018000
1.004000
1.014000
1.065000
1.102000
1.050000
1.065000
0.968000
0.914000
0.936000
1.020000
1.030000
0.970000
0.970000
1.069000
1.048000
0.929000
0.968000
0.994000
0.986000
0.939000
0.951000
0.980000
0.945000
0.978000
0.983000
0.907000
0.975000
1.063000
1.015000
1.013000
1.041000
0.922000
1.007000
0.967000
0.957000
0.948000
0.932000
0.927000
0.943000
0.960000
0.954000
0.927000
0.975000
1.082000
1.069000
0.975000
0.970000
0.948000
0.954000
0.936000
0.961000
0.999000
0.996000
1.015000
1.097000
1.068000
1.016000
1.018000
0.968000
1.006000
0.985000
0.994000
0.946000
0.947000
0.946000
0.917000
0.984000
0.934000
0.932000
0.935000
0.959000
0.964000
0.912000
0.964000
0.933000
0.920000
0.998000
0.980000
0.966000
0.957000
0.920000
0.940000
0.914000
0.948000
0.935000
1.011000
1.100000
1.015000
1.131000
1.062000
1.048000
1.034000
1.001000
1.087000
1.127000
0.988000
0.946000
0.893000
0.923000
0.954000
0.974000
0.981000
0.964000
0.926000
0.975000
1.011000
1.034000
1.031000
0.961000
0.924000
0.891000
0.904000
0.921000
0.936000
0.922000
0.956000
0.936000
0.936000
0.936000
0.939000
0.980000
0.969000
0.938000
0.939000
0.936000
1.010000
1.059000
1.010000
1.016000
0.951000
0.895000
0.907000
0.909000
0.928000
0.977000
0.953000
0.907000
0.947000
0.972000
0.986000
0.950000
0.927000
0.929000
0.953000
0.925000
0.999000
0.983000
0.973000
0.962000
0.971000
0.963000
0.933000
1.026000
0.997000
0.956000
0.904000
0.915000
0.894000
0.919000
0.940000
0.936000
0.972000
1.013000
1.047000
0.965000
0.946000
0.930000
0.955000
1.047000
1.094000
0.939000
0.972000
0.949000
0.960000
0.977000
0.961000
0.975000
0.968000
0.891000
0.923000
0.906000
0.939000
1.041000
1.012000
0.970000
1.013000
1.161000
1.078000
1.081000
1.162000
1.499000
1.671000
1.142000
1.014000
1.037000
1.010000
0.995000
0.995000
1.001000
0.987000
0.964000
0.933000
0.946000
1.075000
1.090000
0.983000
0.979000
1.004000
0.959000
0.975000
0.963000
0.958000
0.982000
1.040000
1.032000
0.938000
0.892000
0.912000
0.913000
0.916000
0.939000
0.979000
0.939000
0.945000
0.981000
0.955000
0.933000
0.965000
0.991000
1.060000
1.100000
0.988000
0.991000
1.003000
1.068000
1.126000
0.953000
1.013000
1.079000
1.000000
0.988000
1.049000
1.141000
