0.010000
0.017000
0.017000
0.023000
0.017000
-0.002000
0.018000
0.007000
0.019000
0.022000
0.022000
0.022000
0.022000
0.022000
0.015000
0.024000
0.024000
0.024000
-0.004000
-0.004000
-0.004000
0.005000
-0.002000
0.016000
0.016000
0.019000
0.016000
0.033000
0.031000
0.016000
0.020000
0.032000
0.040000
0.040000
0.040000
0.043000
0.040000
0.059000
0.059000
0.059000
0.059000
0.075000
0.072000
0.081000
0.081000
0.090000
0.087000
0.095000
0.085000
0.086000
0.098000
0.090000
0.090000
0.088000
0.098000
0.103000
0.112000
0.110000
0.107000
0.109000
0.111000
0.111000
0.106000
0.110000
0.103000
0.103000
0.072000
0.096000
0.109000
0.107000
0.114000
0.119000
0.125000
0.120000
0.122000
0.117000
0.120000
0.116000
0.096000
0.110000
0.113000
0.116000
0.116000
0.116000
0.116000
0.131000
0.128000
0.134000
0.144000
0.139000
0.130000
0.141000
0.138000
0.128000
0.128000
0.128000
0.128000
0.116000
0.116000
0.116000
0.122000
0.133000
0.130000
0.140000
0.138000
0.145000
0.145000
0.160000
0.153000
0.138000
0.136000
0.158000
0.148000
0.148000
0.145000
0.148000
0.136000
0.143000
0.156000
0.165000
0.169000
0.169000
0.169000
0.169000
0.169000
0.169000
0.169000
0.171000
0.177000
0.169000
0.199000
0.212000
0.209000
0.226000
0.219000
0.212000
0.218000
0.211000
0.212000
0.221000
0.237000
0.218000
0.218000
0.215000
0.215000
0.211000
0.212000
0.215000
0.219000
0.207000
0.207000
0.215000
0.215000
0.222000
0.222000
0.215000
0.218000
0.229000
0.215000
0.234000
0.235000
0.239000
0.240000
0.240000
0.246000
0.249000
0.249000
0.249000
0.249000
0.241000
0.249000
0.249000
0.246000
0.249000
0.249000
0.249000
0.218000
0.211000
0.223000
0.232000
0.249000
0.261000
0.257000
0.240000
0.232000
0.242000
0.251000
0.247000
0.238000
0.244000
0.242000
0.243000
0.222000
0.184000
0.187000
0.215000
0.241000
0.234000
0.227000
0.232000
0.253000
0.253000
0.267000
0.278000
0.291000
0.291000
0.280000
0.291000
0.291000
0.296000
0.243000
0.267000
0.273000
0.313000
0.270000
0.229000
0.298000
0.295000
0.332000
0.340000
0.361000
0.340000
0.340000
0.341000
0.320000
0.341000
0.360000
0.330000
0.294000
0.305000
0.310000
0.324000
0.324000
0.324000
0.315000
0.317000
0.318000
0.324000
0.341000
0.348000
0.349000
0.365000
0.365000
0.360000
0.365000
0.362000
0.365000
0.365000
0.376000
0.376000
0.371000
0.387000
0.365000
0.339000
0.355000
0.343000
0.356000
0.343000
0.340000
0.358000
0.376000
0.345000
0.321000
0.345000
0.366000
0.369000
0.350000
