0.085000
0.116000
0.097000
0.087000
0.047000
0.021000
0.056000
0.090000
0.059000
0.034000
0.080000
0.094000
0.052000
0.069000
0.039000
0.043000
0.045000
0.061000
-0.022000
-0.023000
-0.017000
0.028000
0.028000
0.017000
0.028000
0.016000
0.002000
-0.017000
-0.000000
-0.006000
0.023000
0.002000
-0.039000
0.002000
-0.037000
0.005000
-0.012000
0.007000
-0.004000
0.001000
0.021000
0.004000
-0.006000
-0.027000
0.002000
0.002000
0.011000
0.018000
0.021000
-0.009000
-0.028000
-0.038000
-0.037000
-0.000000
-0.021000
-0.015000
-0.001000
0.003000
-0.002000
-0.010000
-0.011000
-0.015000
-0.039000
-0.040000
-0.034000
-0.036000
-0.097000
-0.046000
-0.056000
-0.025000
-0.042000
-0.025000
-0.051000
-0.034000
-0.069000
-0.014000
-0.054000
-0.018000
-0.016000
-0.076000
-0.054000
-0.081000
-0.054000
-0.054000
-0.059000
-0.051000
-0.089000
-0.057000
-0.056000
-0.079000
-0.079000
-0.066000
-0.078000
-0.091000
-0.074000
-0.075000
-0.084000
-0.125000
-0.122000
-0.153000
-0.104000
-0.104000
-0.099000
-0.108000
-0.125000
-0.136000
-0.113000
-0.101000
-0.108000
-0.128000
-0.193000
-0.130000
-0.158000
-0.110000
-0.137000
-0.128000
-0.175000
-0.139000
-0.103000
-0.139000
-0.132000
-0.147000
-0.146000
-0.163000
-0.158000
-0.153000
-0.213000
-0.172000
-0.153000
-0.216000
-0.171000
-0.169000
-0.177000
-0.180000
-0.173000
-0.186000
-0.186000
-0.201000
-0.189000
-0.183000
-0.187000
-0.192000
-0.186000
-0.207000
-0.199000
-0.193000
-0.186000
-0.193000
-0.224000
-0.209000
-0.213000
-0.209000
-0.203000
-0.198000
-0.215000
-0.234000
-0.214000
-0.238000
-0.237000
-0.216000
-0.226000
-0.232000
-0.224000
-0.234000
-0.243000
-0.227000
-0.231000
-0.225000
-0.225000
-0.225000
-0.226000
-0.209000
-0.209000
-0.228000
-0.253000
-0.259000
-0.224000
-0.251000
-0.267000
-0.270000
-0.253000
-0.236000
-0.262000
-0.282000
-0.260000
-0.248000
-0.240000
-0.196000
-0.247000
-0.214000
-0.237000
-0.232000
-0.233000
-0.315000
-0.261000
-0.259000
-0.262000
-0.269000
-0.269000
-0.262000
-0.263000
-0.262000
-0.268000
-0.268000
-0.267000
-0.273000
-0.299000
-0.272000
-0.288000
-0.262000
-0.380000
-0.349000
-0.364000
-0.267000
-0.227000
-0.408000
-0.368000
-0.380000
-0.319000
-0.358000
-0.319000
-0.337000
-0.328000
-0.357000
-0.344000
-0.344000
-0.331000
-0.382000
-0.360000
-0.363000
-0.371000
-0.344000
-0.354000
-0.373000
-0.342000
-0.358000
-0.347000
-0.354000
-0.344000
-0.365000
-0.381000
-0.365000
-0.393000
-0.370000
-0.354000
-0.378000
-0.364000
-0.378000
-0.358000
-0.364000
-0.390000
-0.361000
-0.392000
-0.391000
-0.396000
-0.389000
-0.377000
-0.398000
-0.355000
-0.355000
-0.380000
-0.405000
-0.414000
-0.427000
-0.393000
-0.410000
-0.442000
