0.032000 0.500000 -15.489000
3.556000 0.500000 -10.489000
5.393000 0.500000 -5.489000
39.331000 0.500000 -15.489000
42.557000 0.500000 -10.489000
51.162000 0.500000 -15.489000
53.710000 0.500000 -10.489000
56.639000 0.500000 -5.489000
58.988000 0.500000 -0.489000
86.026000 0.500000 -15.489000
89.004000 0.500000 -10.489000
91.255000 0.500000 -5.489000
93.886000 0.500000 -0.489000
103.930000 0.500000 -15.489000
107.305000 0.500000 -10.489000
109.804000 0.500000 -5.489000
111.690000 0.500000 -0.489000
115.215000 0.500000 4.511000
116.803000 0.500000 9.511000
172.599000 0.500000 -15.489000
175.693000 0.500000 -10.489000
178.291000 0.500000 -5.489000
181.617000 0.500000 -0.489000
183.702000 0.500000 4.511000
186.548000 0.500000 9.511000
188.203000 0.500000 14.511000
190.007000 0.500000 19.511000
201.722000 0.500000 -15.489000
204.336000 0.500000 -10.489000
207.397000 0.500000 -5.489000
210.558000 0.500000 -0.489000
212.808000 0.500000 4.511000
226.691000 0.500000 -15.489000
228.693000 0.500000 -10.489000
230.364000 0.500000 -5.489000
233.972000 0.500000 -0.489000
235.742000 0.500000 4.511000
238.175000 0.500000 9.511000
259.785000 0.500000 -15.489000
261.588000 0.500000 -10.489000
263.591000 0.500000 -5.489000
266.569000 0.500000 -0.489000
268.373000 0.500000 4.511000
278.499000 0.500000 -15.489000
280.071000 0.500000 -10.489000
282.305000 0.500000 -5.489000
284.059000 0.500000 -0.489000
286.376000 0.500000 4.511000
289.420000 0.500000 9.511000
292.266000 0.500000 14.511000
298.736000 0.500000 -15.489000
301.334000 0.500000 -10.489000
302.840000 0.500000 -5.489000
319.718000 0.500000 -15.489000
321.769000 0.500000 -10.489000
324.202000 0.500000 -5.489000
327.098000 0.500000 -0.489000
330.672000 0.500000 4.511000
334.196000 0.500000 9.511000
336.695000 0.500000 14.511000
339.822000 0.500000 19.511000
342.437000 0.500000 24.511000
345.448000 0.500000 29.511000
352.944000 0.500000 -15.489000
355.641000 0.500000 -10.489000
357.114000 0.500000 -5.489000
359.099000 0.500000 -0.489000
361.747000 0.500000 4.511000
364.841000 0.500000 9.511000
368.299000 0.500000 14.511000
371.493000 0.500000 19.511000
374.008000 0.500000 24.511000
376.606000 0.500000 29.511000
379.386000 0.500000 34.511000
380.991000 0.500000 39.511000
391.564000 0.500000 -15.489000
394.774000 0.500000 -10.489000
396.247000 0.500000 -5.489000
399.159000 0.500000 -0.489000
401.740000 0.500000 4.511000
403.643000 0.500000 9.511000
407.962000 0.500000 14.511000
411.602000 0.500000 19.511000
414.664000 0.500000 24.511000
417.642000 0.500000 29.511000
442.893000 0.500000 -15.489000
445.011000 0.500000 -10.489000
447.311000 0.500000 -5.489000
449.743000 0.500000 -0.489000
451.464000 0.500000 4.511000
499.516000 0.500000 -15.489000
502.528000 0.500000 -10.489000
