18.134000 0.500000 1.000000
20.715000 0.500000 1.000000
22.221000 0.500000 1.000000
25.531000 0.500000 1.000000
27.433000 0.500000 1.000000
29.585000 0.500000 1.000000
32.993000 0.500000 1.000000
72.275000 0.500000 1.000000
124.067000 0.500000 1.000000
131.944000 0.500000 1.000000
135.104000 0.500000 1.000000
137.321000 0.500000 1.000000
140.829000 0.500000 1.000000
142.600000 0.500000 1.000000
145.644000 0.500000 1.000000
148.772000 0.500000 1.000000
158.965000 0.500000 1.000000
248.036000 0.500000 1.000000
250.684000 0.500000 1.000000
314.290000 0.500000 1.000000
428.712000 0.500000 1.000000
431.707000 0.500000 1.000000
465.247000 0.500000 1.000000
468.441000 0.500000 1.000000
471.618000 0.500000 1.000000
474.150000 0.500000 1.000000
477.095000 0.500000 1.000000
478.899000 0.500000 1.000000
482.920000 0.500000 1.000000
485.981000 0.500000 1.000000
487.602000 0.500000 1.000000
490.697000 0.500000 1.000000
