0.000000
1.024000
1.044000
1.055000
1.066000
0.962000
1.010000
1.146000
1.031000
0.960000
1.043000
0.987000
0.995000
1.056000
1.054000
1.055000
1.030000
1.132000
0.985000
1.021000
1.084000
0.986000
1.032000
1.062000
0.987000
0.930000
0.897000
1.030000
1.020000
0.997000
1.024000
1.005000
0.981000
0.890000
0.911000
0.894000
1.033000
0.976000
0.964000
1.021000
1.064000
0.949000
0.950000
1.019000
1.063000
0.984000
0.932000
1.105000
0.975000
0.926000
0.923000
0.939000
0.961000
0.962000
0.904000
0.930000
0.933000
1.053000
1.050000
0.988000
0.997000
1.002000
0.966000
0.984000
1.011000
1.055000
0.990000
0.919000
0.960000
0.971000
1.007000
0.930000
0.970000
0.912000
0.976000
1.007000
0.962000
0.995000
1.002000
0.938000
0.947000
0.942000
0.903000
0.933000
0.967000
1.075000
1.052000
1.050000
1.105000
1.059000
1.065000
1.120000
0.963000
0.965000
1.019000
1.046000
0.987000
0.944000
1.092000
1.013000
0.990000
1.097000
1.004000
1.012000
1.040000
1.048000
0.981000
1.008000
1.110000
1.091000
1.017000
1.726000
2.451000
1.818000
1.027000
0.995000
0.974000
0.956000
0.969000
1.043000
0.903000
0.927000
1.009000
1.038000
1.002000
1.003000
1.124000
1.042000
1.060000
1.054000
1.056000
1.090000
1.056000
1.038000
0.999000
0.990000
1.049000
1.080000
1.118000
1.052000
1.016000
1.036000
1.000000
1.065000
1.076000
1.045000
1.028000
0.969000
1.100000
1.112000
1.034000
1.110000
1.037000
1.003000
1.629000
1.641000
0.988000
0.987000
1.127000
1.073000
1.026000
1.024000
1.032000
1.016000
1.007000
1.023000
1.001000
0.951000
0.988000
1.039000
1.010000
0.943000
0.909000
1.096000
0.943000
0.943000
1.032000
1.002000
0.998000
0.965000
0.935000
0.939000
0.978000
1.033000
0.999000
1.020000
1.045000
0.979000
1.014000
1.054000
0.981000
0.976000
0.992000
0.973000
0.922000
0.997000
1.000000
0.964000
0.971000
0.930000
0.970000
0.969000
0.974000
0.983000
1.088000
0.997000
0.989000
0.925000
0.973000
0.925000
0.829000
0.790000
0.807000
0.828000
0.869000
0.847000
0.892000
0.851000
0.966000
0.965000
0.956000
0.936000
0.964000
1.060000
1.001000
0.936000
0.922000
1.029000
0.989000
0.963000
1.037000
1.003000
1.024000
1.070000
0.991000
1.030000
1.032000
0.981000
1.025000
0.916000
0.938000
0.962000
0.962000
0.970000
0.997000
1.038000
1.184000
1.204000
1.170000
1.012000
1.065000
0.979000
1.031000
1.064000
1.001000
1.008000
1.046000
1.103000
1.512000
1.673000
1.082000
0.831000
0.958000
1.055000
0.888000
0.940000
1.032000
