0.000000
19.766000
20.157000
20.373000
20.576000
18.582000
19.503000
22.127000
19.918000
18.544000
20.132000
19.052000
19.222000
20.389000
20.346000
20.364000
19.897000
21.858000
19.012000
19.709000
20.930000
19.043000
19.936000
20.506000
19.068000
17.954000
17.315000
19.885000
19.691000
19.250000
19.780000
19.417000
18.937000
17.193000
17.591000
17.271000
19.946000
18.852000
18.611000
19.723000
20.540000
18.328000
18.350000
19.682000
20.523000
18.995000
18.000000
21.342000
18.822000
17.888000
17.823000
18.127000
18.565000
18.568000
17.448000
17.955000
18.019000
20.339000
20.282000
19.073000
19.249000
19.349000
18.647000
19.008000
19.522000
20.368000
19.124000
17.755000
18.542000
18.759000
19.449000
17.958000
18.740000
17.621000
18.841000
19.448000
18.574000
19.217000
19.355000
18.105000
18.278000
18.199000
17.431000
18.020000
18.676000
20.751000
20.312000
20.271000
21.346000
20.451000
20.568000
21.635000
18.603000
18.631000
19.671000
20.192000
19.056000
18.231000
21.086000
19.561000
19.109000
21.184000
19.384000
19.545000
20.086000
20.229000
18.942000
19.464000
21.429000
21.059000
19.647000
33.337000
47.327000
35.102000
19.826000
19.212000
18.809000
18.468000
18.703000
20.139000
17.444000
17.900000
19.486000
20.047000
19.343000
19.364000
21.702000
20.127000
20.461000
20.355000
20.397000
21.056000
20.382000
20.054000
19.291000
19.111000
20.252000
20.846000
21.598000
20.308000
19.612000
20.002000
19.304000
20.565000
20.772000
20.173000
19.851000
18.709000
21.246000
21.478000
19.972000
21.434000
20.034000
19.369000
31.453000
31.684000
19.083000
19.057000
21.761000
20.728000
19.812000
19.782000
19.926000
19.618000
19.442000
19.759000
19.337000
18.366000
19.081000
20.060000
19.508000
18.215000
17.556000
21.166000
18.218000
18.219000
19.930000
19.356000
19.270000
18.637000
18.059000
18.126000
18.880000
19.951000
19.291000
19.692000
20.177000
18.912000
19.582000
20.349000
18.952000
18.845000
19.160000
18.782000
17.796000
19.254000
19.313000
18.623000
18.741000
17.952000
18.739000
18.704000
18.807000
18.980000
21.005000
19.250000
19.094000
17.865000
18.781000
17.864000
15.999000
15.258000
15.580000
15.998000
16.781000
16.365000
17.221000
16.425000
18.645000
18.638000
18.455000
18.077000
18.613000
20.479000
19.325000
18.068000
17.811000
19.867000
19.095000
18.597000
20.028000
19.372000
19.780000
20.668000
19.135000
19.888000
19.926000
18.940000
19.800000
17.692000
18.111000
18.578000
18.572000
18.734000
19.246000
20.038000
22.859000
23.259000
22.602000
19.536000
20.559000
18.896000
19.913000
20.548000
19.325000
19.465000
20.191000
21.305000
29.198000
32.299000
20.893000
16.046000
18.509000
20.378000
17.139000
18.150000
19.922000
