-0.010000
-0.009000
-0.014000
-0.006000
0.000000
-0.006000
-0.003000
-0.010000
-0.014000
-0.008000
0.000000
-0.009000
-0.012000
-0.016000
-0.005000
-0.014000
-0.007000
-0.000000
-0.017000
-0.000000
-0.004000
-0.000000
-0.002000
-0.000000
0.008000
0.017000
0.021000
0.017000
0.017000
0.034000
0.028000
0.036000
0.028000
0.024000
0.027000
0.030000
0.030000
0.036000
0.023000
0.026000
0.023000
0.019000
0.024000
0.036000
0.026000
0.039000
0.036000
0.048000
0.036000
0.036000
0.044000
0.036000
0.044000
0.049000
0.034000
0.040000
0.040000
0.040000
0.040000
0.040000
0.040000
0.040000
0.045000
0.050000
0.052000
0.055000
0.053000
0.060000
0.054000
0.056000
0.056000
0.056000
0.056000
0.056000
0.056000
0.056000
0.056000
0.060000
0.056000
0.056000
0.056000
0.056000
0.056000
0.056000
0.056000
0.056000
0.050000
0.063000
0.056000
0.052000
0.056000
0.053000
0.056000
0.057000
0.054000
0.046000
0.035000
0.045000
0.039000
0.044000
0.035000
0.048000
0.046000
0.045000
0.044000
0.051000
0.043000
0.053000
0.053000
0.053000
0.053000
0.095000
0.139000
0.115000
0.115000
0.096000
0.115000
0.108000
0.115000
0.115000
0.126000
0.115000
0.122000
0.123000
0.131000
0.121000
0.125000
0.113000
0.121000
0.117000
0.133000
0.127000
0.125000
0.133000
0.133000
0.131000
0.130000
0.133000
0.136000
0.129000
0.133000
0.133000
0.133000
0.133000
0.151000
0.145000
0.145000
0.140000
0.148000
0.158000
0.152000
0.147000
0.158000
0.158000
0.158000
0.158000
0.158000
0.168000
0.157000
0.155000
0.173000
0.176000
0.173000
0.173000
0.178000
0.188000
0.178000
0.187000
0.185000
0.184000
0.177000
0.180000
0.186000
0.186000
0.194000
0.182000
0.183000
0.187000
0.186000
0.192000
0.194000
0.186000
0.191000
0.189000
0.189000
0.194000
0.196000
0.206000
0.199000
0.206000
0.209000
0.212000
0.212000
0.206000
0.216000
0.213000
0.210000
0.213000
0.216000
0.216000
0.217000
0.217000
0.213000
0.213000
0.220000
0.220000
0.223000
0.221000
0.219000
0.218000
0.217000
0.219000
0.222000
0.219000
0.228000
0.227000
0.219000
0.216000
0.224000
0.219000
0.225000
0.211000
0.223000
0.224000
0.226000
0.224000
0.215000
0.211000
0.198000
0.218000
0.209000
0.213000
0.219000
0.219000
0.217000
0.212000
0.207000
0.227000
0.228000
0.225000
0.225000
0.220000
0.224000
0.219000
0.231000
0.237000
0.229000
0.237000
0.218000
0.230000
0.237000
0.230000
0.232000
0.237000
0.237000
0.224000
0.237000
0.231000
0.266000
0.260000
0.262000
0.263000
0.260000
0.250000
0.279000
0.318000
0.277000
