-0.017000
0.001000
-0.002000
-0.002000
-0.003000
-0.008000
-0.014000
-0.029000
-0.005000
0.014000
-0.014000
-0.005000
0.002000
0.005000
-0.024000
-0.008000
-0.022000
0.021000
-0.002000
0.012000
0.002000
0.020000
-0.004000
-0.006000
0.003000
0.018000
0.019000
0.007000
0.002000
-0.018000
-0.014000
-0.034000
-0.031000
-0.015000
-0.031000
-0.031000
-0.031000
-0.010000
-0.030000
-0.021000
-0.024000
-0.023000
-0.017000
-0.020000
-0.020000
-0.040000
-0.017000
-0.036000
0.000000
-0.010000
-0.018000
-0.037000
-0.038000
-0.030000
-0.042000
-0.047000
-0.048000
-0.045000
-0.039000
-0.027000
-0.038000
-0.036000
-0.043000
-0.036000
-0.060000
-0.036000
-0.072000
-0.021000
-0.030000
-0.037000
-0.045000
-0.059000
-0.080000
-0.073000
-0.078000
-0.084000
-0.099000
-0.089000
-0.097000
-0.104000
-0.095000
-0.100000
-0.114000
-0.107000
-0.107000
-0.100000
-0.098000
-0.091000
-0.097000
-0.109000
-0.107000
-0.096000
-0.105000
-0.119000
-0.129000
-0.125000
-0.125000
-0.091000
-0.129000
-0.108000
-0.158000
-0.135000
-0.137000
-0.111000
-0.157000
-0.106000
-0.143000
-0.110000
-0.156000
-0.134000
-0.229000
0.010000
0.030000
-0.280000
-0.191000
-0.213000
-0.203000
-0.208000
-0.161000
-0.215000
-0.184000
-0.228000
-0.185000
-0.236000
-0.206000
-0.244000
-0.219000
-0.262000
-0.242000
-0.269000
-0.238000
-0.250000
-0.241000
-0.261000
-0.264000
-0.263000
-0.260000
-0.271000
-0.281000
-0.243000
-0.261000
-0.260000
-0.272000
-0.271000
-0.284000
-0.271000
-0.290000
-0.258000
-0.268000
-0.272000
-0.275000
-0.291000
-0.276000
-0.282000
-0.340000
-0.277000
-0.275000
-0.287000
-0.266000
-0.282000
-0.285000
-0.305000
-0.277000
-0.295000
-0.275000
-0.308000
-0.282000
-0.302000
-0.289000
-0.306000
-0.290000
-0.314000
-0.303000
-0.313000
-0.293000
-0.302000
-0.290000
-0.295000
-0.309000
-0.321000
-0.305000
-0.331000
-0.324000
-0.328000
-0.321000
-0.324000
-0.305000
-0.329000
-0.326000
-0.345000
-0.334000
-0.346000
-0.331000
-0.348000
-0.346000
-0.355000
-0.360000
-0.362000
-0.356000
-0.356000
-0.353000
-0.342000
-0.361000
-0.354000
-0.351000
-0.354000
-0.345000
-0.365000
-0.342000
-0.359000
-0.355000
-0.356000
-0.333000
-0.359000
-0.362000
-0.363000
-0.381000
-0.378000
-0.389000
-0.359000
-0.378000
-0.381000
-0.378000
-0.394000
-0.381000
-0.405000
-0.403000
-0.420000
-0.393000
-0.410000
-0.408000
-0.400000
-0.424000
-0.404000
-0.410000
-0.408000
-0.415000
-0.405000
-0.408000
-0.407000
-0.414000
-0.424000
-0.438000
-0.435000
-0.445000
-0.418000
-0.444000
-0.432000
-0.421000
-0.459000
-0.415000
-0.411000
-0.400000
-0.419000
-0.408000
-0.420000
-0.418000
-0.430000
-0.215000
-0.432000
-0.444000
-0.452000
-0.411000
-0.423000
-0.399000
-0.365000
-0.373000
