0.032000 0.802000 1.000000
3.491000 0.624000 1.000000
11.632000 0.443000 1.000000
13.865000 0.665000 1.000000
54.455000 0.579000 1.000000
57.566000 0.732000 1.000000
60.875000 0.847000 1.000000
100.952000 1.643000 1.000000
141.938000 0.464000 1.000000
145.397000 0.422000 1.000000
148.557000 0.925000 1.000000
158.187000 0.775000 1.000000
164.210000 0.864000 1.000000
166.262000 0.740000 1.000000
170.051000 0.719000 1.000000
179.086000 0.572000 1.000000
181.982000 0.973000 1.000000
190.950000 0.516000 1.000000
193.300000 0.526000 1.000000
195.848000 0.986000 1.000000
198.975000 0.811000 1.000000
237.215000 0.699000 1.000000
239.714000 0.680000 1.000000
241.915000 1.176000 1.000000
245.373000 0.861000 1.000000
248.649000 0.785000 1.000000
262.598000 1.068000 1.000000
265.180000 1.055000 1.000000
275.968000 0.586000 1.000000
279.294000 0.636000 1.000000
282.686000 0.532000 1.000000
285.152000 0.707000 1.000000
288.792000 0.642000 1.000000
296.950000 0.645000 1.000000
300.044000 0.326000 1.000000
301.732000 0.607000 1.000000
304.991000 1.147000 1.000000
332.310000 0.540000 1.000000
334.610000 0.328000 1.000000
336.976000 0.338000 1.000000
344.985000 0.385000 1.000000
347.434000 0.288000 1.000000
350.280000 0.314000 1.000000
352.431000 0.387000 1.000000
354.483000 0.495000 1.000000
356.187000 0.407000 1.000000
384.284000 0.686000 1.000000
386.352000 0.586000 1.000000
435.530000 0.409000 1.000000
439.005000 0.294000 1.000000
440.775000 0.363000 1.000000
443.588000 0.230000 1.000000
445.623000 0.379000 1.000000
447.642000 0.296000 1.000000
451.018000 0.337000 1.000000
