0.032000 0.500000 -7.727000
3.491000 0.500000 -2.727000
11.632000 0.500000 -7.727000
13.865000 0.500000 -2.727000
54.455000 0.500000 -7.727000
57.566000 0.500000 -2.727000
60.875000 0.500000 2.273000
100.952000 0.500000 -7.727000
141.938000 0.500000 -7.727000
145.397000 0.500000 -2.727000
148.557000 0.500000 2.273000
158.187000 0.500000 -7.727000
164.210000 0.500000 -7.727000
166.262000 0.500000 -2.727000
170.051000 0.500000 2.273000
179.086000 0.500000 -7.727000
181.982000 0.500000 -2.727000
190.950000 0.500000 -7.727000
193.300000 0.500000 -2.727000
195.848000 0.500000 2.273000
198.975000 0.500000 7.273000
237.215000 0.500000 -7.727000
239.714000 0.500000 -2.727000
241.915000 0.500000 2.273000
245.373000 0.500000 7.273000
248.649000 0.500000 12.273000
262.598000 0.500000 -7.727000
265.180000 0.500000 -2.727000
275.968000 0.500000 -7.727000
279.294000 0.500000 -2.727000
282.686000 0.500000 2.273000
285.152000 0.500000 7.273000
288.792000 0.500000 12.273000
296.950000 0.500000 -7.727000
300.044000 0.500000 -2.727000
301.732000 0.500000 2.273000
304.991000 0.500000 7.273000
332.310000 0.500000 -7.727000
334.610000 0.500000 -2.727000
336.976000 0.500000 2.273000
344.985000 0.500000 -7.727000
347.434000 0.500000 -2.727000
350.280000 0.500000 2.273000
352.431000 0.500000 7.273000
354.483000 0.500000 12.273000
356.187000 0.500000 17.273000
384.284000 0.500000 -7.727000
386.352000 0.500000 -2.727000
435.530000 0.500000 -7.727000
439.005000 0.500000 -2.727000
440.775000 0.500000 2.273000
443.588000 0.500000 7.273000
445.623000 0.500000 12.273000
447.642000 0.500000 17.273000
451.018000 0.500000 22.273000
