22.354000 0.500000 1.000000
26.259000 0.500000 1.000000
28.344000 0.500000 1.000000
31.223000 0.500000 1.000000
33.953000 0.500000 1.000000
37.097000 0.500000 1.000000
39.331000 0.500000 1.000000
41.052000 0.500000 1.000000
44.130000 0.500000 1.000000
45.751000 0.500000 1.000000
48.366000 0.500000 1.000000
68.421000 0.500000 1.000000
70.588000 0.500000 1.000000
72.739000 0.500000 1.000000
75.469000 0.500000 1.000000
77.770000 0.500000 1.000000
81.526000 0.500000 1.000000
84.504000 0.500000 1.000000
86.986000 0.500000 1.000000
90.593000 0.500000 1.000000
93.092000 0.500000 1.000000
112.683000 0.500000 1.000000
114.835000 0.500000 1.000000
117.482000 0.500000 1.000000
122.777000 0.500000 1.000000
126.302000 0.500000 1.000000
128.171000 0.500000 1.000000
131.150000 0.500000 1.000000
218.186000 0.500000 1.000000
221.330000 0.500000 1.000000
224.027000 0.500000 1.000000
226.609000 0.500000 1.000000
229.025000 0.500000 1.000000
232.086000 0.500000 1.000000
313.463000 0.500000 1.000000
317.004000 0.500000 1.000000
319.106000 0.500000 1.000000
322.630000 0.500000 1.000000
363.336000 0.500000 1.000000
366.546000 0.500000 1.000000
368.300000 0.500000 1.000000
371.493000 0.500000 1.000000
373.396000 0.500000 1.000000
376.027000 0.500000 1.000000
378.261000 0.500000 1.000000
398.183000 0.500000 1.000000
401.096000 0.500000 1.000000
404.554000 0.500000 1.000000
406.738000 0.500000 1.000000
410.180000 0.500000 1.000000
413.125000 0.500000 1.000000
414.846000 0.500000 1.000000
417.891000 0.500000 1.000000
420.571000 0.500000 1.000000
422.391000 0.500000 1.000000
425.403000 0.500000 1.000000
457.190000 0.500000 1.000000
460.367000 0.500000 1.000000
463.626000 0.500000 1.000000
465.413000 0.500000 1.000000
467.664000 0.500000 1.000000
470.477000 0.500000 1.000000
473.406000 0.500000 1.000000
476.698000 0.500000 1.000000
479.677000 0.500000 1.000000
482.291000 0.500000 1.000000
484.988000 0.500000 1.000000
487.454000 0.500000 1.000000
493.775000 0.500000 1.000000
496.422000 0.500000 1.000000
498.226000 0.500000 1.000000
501.237000 0.500000 1.000000
503.637000 0.500000 1.000000
505.904000 0.500000 1.000000
